average displacement: 0.9490884185650837 A
simulation time: 10 ps

Type    Displacement

1 1.8232663295474307
1 1.1753258241122988
1 0.4633021296618215
2 0.7075033958704858
1 1.278267161652973
1 0.9972441622085666
1 0.8386075887017881
1 0.5146346890193642
1 0.3288260472659743
2 0.5047674388462915
2 0.27765647625467227
2 0.4787244311109686
2 0.8970750501808965
1 1.1966260267862225
2 0.21774621393871577
2 0.6402534527540921
2 2.219672647941006
2 0.6829014373785112
1 0.8524663645627781
2 0.5418122073822611
2 0.5057236744977259
2 0.9776300232909223
2 1.686102534851334
2 2.3232742277351353
2 0.9007758339667133
2 0.5198396628723547
2 1.1812286434896724
2 0.5914724594725449
2 1.1578076567448439
2 1.092401359136993
2 1.3091947266574766
2 0.6622738681011199
1 1.8662889517389643
2 0.9501256070778124
2 0.8088615476670195
1 0.8459253333073556
2 0.680520505507541
2 0.3954667828605798
2 0.5191504200689526
2 2.2386901045474885
1 1.0004103801599433
2 3.4691674037693003
2 0.14601262866131895
2 1.032770987863192
2 0.3876418564354067
2 0.46340286040355017
1 0.4063274412626425
1 1.7120890124653798
2 1.4093941580245406
1 0.3313137496116793
1 0.7916141734166487
1 0.9265325953079308
2 1.0530376986357644
1 0.638313381722139
2 1.0618832823021294
2 0.836681200537895
2 0.9439868948601796
2 0.11473354270091574
2 1.050672931910979
2 1.1694912644889153
1 0.7619276016349948
1 1.181342956940382
1 0.5891538953633508
2 0.7804217123397768
2 1.4795057078732148
1 0.434618015104821
1 0.20114506020457065
2 0.5366189568239853
2 1.1605410571826218
2 0.5121775018919092
1 0.5179685478093639
2 0.4312562314707324
2 1.2876592824144384
2 0.324611553534234
2 0.8188167798994455
1 0.3906908466049073
2 1.48259908241111
1 2.0149870990257455
2 0.3809506084353626
1 1.1250900476347476
1 1.172249616211245
2 0.3001132307393251
2 0.27042380929573234
1 0.6427609054234972
2 0.68776404838895
2 1.311143904770094
1 2.36988685052113
2 1.1624577835349275
2 0.601389715321743
2 1.0842556609781595
1 0.36884689003249493
1 2.0657313339115158
1 0.420927961686526
1 3.2182645333659163
1 1.0576930854374453
1 0.17341485716749871
2 1.1108432301297062
2 0.5812985887072292
1 0.2444836176059848
1 1.0405908874904912
1 1.2465667988291906
1 0.3941217639708948
2 0.41314054416846113
1 0.45901704148862843
1 0.6285526035394575
2 0.640464180984715
1 0.7752434022625342
2 0.5614816469790157
2 0.5080528580344742
2 0.6965078350964148
1 1.5296628810812138
1 0.24473793887730244
2 1.1260466482742864
1 1.0229408637325577
2 0.4733186158515392
1 0.7297968387311985
1 0.6888472723392375
2 0.32595060642285556
2 0.7488013188401503
2 0.5352509268976314
2 2.0497567297074113
1 0.4038803832212473
2 0.8875723381401595
2 2.052974583354238
2 0.9633856798755094
2 0.9924983481035579
2 2.1205802812063
2 0.6512444469284656
2 3.547534989769753
1 0.28735766937052337
2 0.5064045038967395
2 0.946034023389364
2 0.6543584220843347
1 0.5256569593708658
2 0.5363249572497637
1 0.1442780731992766
1 0.6081014329103187
1 0.8475392589999721
2 1.0326107132853126
2 0.7525227367991557
1 0.7804357621680151
2 0.9207854514576442
2 0.40578440990188075
2 0.8124338335986144
1 0.8792385385416456
1 0.9009548441419993
2 1.0985560035448283
2 0.8367305571179315
2 0.07094665904912988
1 0.5259566394450488
2 0.7384367277835212
2 0.4019857759499262
2 0.928445905035267
1 0.7505135259972223
1 0.6715838669084394
2 0.4073270410385245
1 1.0155542016430925
2 3.013156261071747
2 0.7926389942748454
2 2.481669046129583
2 1.4106690995964988
2 0.7591256949120355
1 1.9381554427647274
2 0.49859717669642206
2 0.4095962540410123
1 0.76260439608299
1 0.952711084705795
2 1.1347505536356388
1 1.2122243482725206
1 1.9404282637782826
2 0.6066318050325188
1 1.2372810496744244
1 0.4103429336148174
1 1.2508010269528425
2 0.8826071225851208
1 0.6055640901791476
1 0.5819055376138809
2 0.5098651644302244
2 1.5202734291966273
2 1.024315171363391
2 0.2364129583494856
2 1.738668406037576
1 0.48250032287319106
2 0.4735653319449997
1 1.2490589267299455
1 1.0667843909797683
2 0.5898226586624965
1 0.5327821715805809
2 0.2407144876118283
1 0.8893234481353972
1 0.9012097367904854
2 2.3309054481703515
1 0.7736423922487288
1 0.34158606150903736
1 1.25626115211551
2 3.6858835473557012
2 0.6294522506984745
2 2.220965491995317
2 0.7761307879176134
2 0.7382744281297915
2 0.4353587965812719
2 1.586122293610381
1 0.6291369010602977
1 0.25931841251782745
2 1.2700214861223444
2 1.7058647193823508
2 0.6084118832453804
2 1.284916514781096
1 0.508269947646735
2 1.2083911945749122
2 1.47635801593767
1 0.29129676567329205
2 1.1263975230328942
2 0.43087943025541037
2 0.5015649156185666
2 0.24598284895220096
1 0.8706000179117436
2 1.3980450518923229
1 0.6021270439002879
1 0.8046378734514645
2 1.2841894722293126
1 0.9181532043382198
1 0.6182221453770143
2 0.18327270016855274
1 0.46012616520257876
2 2.6615350590483517
2 2.4483646992663424
2 0.4571471239500553
2 3.050633086306916
1 0.42900749585385606
2 0.8908609745615845
1 1.585609449502753
2 0.5433487130143363
2 0.8965093220399105
1 1.2373045592889291
2 0.8913779728488855
2 1.10295050463553
2 0.9043727499061267
1 1.7625260403283651
1 1.1112084052502664
2 0.523987688598325
2 2.2708412976708123
2 0.9588588010780373
1 0.5280854440577729
1 0.639030508886253
1 0.6779417412161599
1 0.6647701286289163
1 0.7722672976881519
2 1.1457407845916698
1 0.5622945644180354
1 0.9937287437840995
1 0.3056593044645571
2 0.5736465405923175
1 1.355715396508143
1 0.6627991495725324
2 2.027274550848846
2 1.0533193053187135
1 0.8445794888148207
2 1.406256677991067
2 1.2073893387005996
2 0.8522006770201
1 0.7897299491303935
1 0.6859507145329427
2 2.3940738660983913
2 0.6102583264608069
1 1.047362807885914
2 0.6053632184362754
1 0.6434184460360707
1 0.21979063604275947
1 0.4309668587510746
2 1.151829923198809
1 0.31911374897839906
2 0.6781394723311542
2 0.5187471503125456
2 1.2069888157458206
1 1.3671735889245973
1 0.7053396544698716
1 0.8042736004244423
1 0.6206302208734477
1 0.6021296491100259
1 0.4568458661181271
1 1.0104779761425482
1 1.437194546788976
2 0.9716726797567169
1 1.0797325604802472
2 0.6535165253902165
2 0.59426775349494
1 1.2119911785690989
1 0.699266941443058
2 1.2212682638856727
1 0.5445258082131089
1 1.359164823144024
2 1.513195282669225
2 0.8855844084286969
1 1.1608835647557263
1 1.067969869072648
1 0.415180025823578
2 0.19262387270022652
2 0.20141133112037962
2 0.5124046004929181
1 0.6542426117719174
2 0.7655184028396584
2 0.8026901431157065
1 0.6183156101287324
1 0.5175977094127592
1 1.9633383826125184
2 0.9607972606838536
2 0.8010597489509518
2 0.8173983715625049
2 0.7045461502760707
1 0.3966317985339479
1 0.4307326217295082
1 0.590544836144142
1 1.2835891650663098
1 0.5486001587270254
2 0.6415053430008266
2 1.0299427447493394
1 0.6147140706264262
1 0.45888987101367695
2 0.21191998998955563
1 0.41786685922840766
2 0.5734231249030972
1 0.9412321438727966
2 0.45644401519996347
1 0.6881412907853479
1 2.0547353039776075
1 0.4516970180039316
1 1.239079552860884
2 0.4947607400751495
2 1.4272549735857625
1 2.3067371004879735
1 0.5495285444771053
1 1.6505955151495924
2 0.9632167215237
2 1.0537748407586125
1 3.1874670622500023
1 1.2106635073517433
1 0.6514404464942573
2 1.7187473747461894
2 0.862915150291149
2 0.5093423238319883
2 0.5465964777530979
2 1.0302878988212294
2 2.113702345382412
1 1.4596245796944753
2 1.128141528423055
1 0.38127529060996007
2 0.7723576006180525
2 0.660874064667047
1 1.4861853733009343
1 1.3265270219722975
1 1.4234984274245956
1 0.869750446424681
2 0.6373060465814617
1 0.6790353151639955
2 1.146827695245719
2 1.3944685349190498
1 0.30769784578929343
1 0.7706971296955069
1 0.8358482058098099
2 0.5276100758408413
2 0.4448671674824577
2 1.2366456319739514
2 0.6172008390526071
2 0.38683583338856903
1 0.5999854409026316
1 0.9688093424148169
2 0.4433663002628306
1 1.0803857350416597
2 1.9810566453228649
2 1.1341405036468066
2 2.384268814577426
2 1.095555724811833
1 4.8115501637587625
1 0.2830028065004001
1 0.810811731039568
2 1.2240475771504151
1 0.5293977490671377
2 0.9936149037312407
2 0.8372490319001976
1 0.6753536077604976
2 0.7703568166415973
1 0.44490816246249193
2 0.7140576003145568
1 0.4242092445197374
1 0.8691295870817788
2 0.8211092500605832
2 0.9996881890831005
2 0.3001153322777436
1 0.21865100336688004
2 0.5770769914953953
2 1.323732579269603
1 0.4437458568799732
1 0.6551656045128228
2 1.651423983946942
2 0.6268252570199943
1 1.9435062585077103
2 0.7861343851607444
2 1.7240252081370697
2 1.1863132950547315
2 0.838755777650445
2 1.5373313596541387
1 0.3168669191919468
2 0.5164239357153371
1 0.4296174709074085
1 0.7573402604058157
2 0.6719891373774814
1 1.6267995511912803
2 1.209086925603676
1 3.085240634745395
2 0.7611119872587117
2 2.469672141513382
2 0.5523875757089541
2 1.1725937135331277
2 0.6547729772903433
2 1.1532883151775353
2 0.9095029159456866
1 0.5547605918379027
1 1.165265765348814
2 1.0698917110609174
2 0.43854192771945344
2 1.143925253152649
1 1.1296494923088314
2 0.5421314508894997
1 3.2348444170287345
2 1.0071050815926341
1 1.0370499825240467
2 0.5165757022219726
1 1.106158092371736
2 0.5461387120559347
2 1.1555027719261606
2 0.6247182360603222
2 0.5525000766346637
2 0.9092596818830968
1 0.2641155167452221
1 2.1347152226576926
2 0.38717839381152236
2 0.6160000498061734
2 1.2212842614754051
2 1.5275132441126684
2 0.6081760398327203
1 0.9538332778383088
1 0.9595157880822337
2 0.36017650897946935
2 0.4621392416203169
2 0.5957246370525144
1 0.3435262083642638
2 1.2477356895985263
1 0.3694513320895068
2 0.5800618915619973
2 0.7169111673655367
1 0.6861780697917719
1 1.2442023146891275
2 0.508705674888672
2 0.9905342438252793
1 0.5165919687783649
1 1.0009688096939953
2 1.143453169312731
1 0.8191762808236698
2 0.6296910009528344
2 0.35990190823501256
1 0.7273301779066568
2 1.094793874339803
2 0.5192132709003574
2 1.5525346432619391
2 0.6994873925757675
1 0.8165771973447161
2 1.2370125718923035
2 0.9319118591611995
1 0.35619023764948726
2 0.2806181892278233
2 0.3538820818417006
1 0.7539134301487782
2 0.3993571424182318
1 0.6199369194165825
2 0.6190489547708085
1 0.17898563038607418
2 0.9575585467241995
1 0.4568002456435487
2 0.20081222175872404
1 0.7323835618934689
2 0.6040614530794145
1 1.227833528656109
2 0.8129103166186449
2 0.517123083968043
2 0.5831464113025507
1 0.6102048522400662
2 0.5291200097127342
1 0.44497599570121804
1 0.9819538690126114
2 0.9571319370415079
2 1.331348691650188
1 0.8054919114089681
1 0.812988838607386
1 0.46976150048300397
2 0.8252498953424489
2 1.0889801800728978
2 0.655242487414755
2 0.7151151043462736
1 0.977662462700541
2 1.31380041927557
2 1.0906824149125565
1 0.9811617244964909
2 0.2503250577356932
1 1.169542343688583
1 0.680278016470393
1 0.6576187216189856
1 1.7629667927228574
1 0.5565737524509528
2 0.9280385709919456
2 0.9152837507492638
2 1.0069531715508149
2 0.7853459438637858
2 1.3856704010174996
2 0.4618269077959549
2 0.15495320930165504
2 0.5023580971683999
2 0.8087984017876159
2 0.43530024088085945
1 0.8195393734643012
2 0.785345364925512
1 0.14048310930569255
1 0.5594183967236559
1 0.4671867066304449
2 0.7460056258433593
1 0.9137342700415141
1 0.3110079873272074
1 0.6614116733142512
2 1.8834040067468085
2 1.2330447661683601
2 0.5722523441414445
1 1.5725722224033294
1 0.42474911649672764
1 0.46851940675353637
1 0.39188439879121795
2 0.728169523546863
2 0.9564716545830474
2 1.8409204749122137
1 0.5897009866423916
1 0.5199555855429807
1 0.2850704880512525
2 0.37828350020499457
1 0.7144513157144692
1 0.4097338027330049
2 0.7455463629149803
2 0.6367875332567515
1 1.086125170633849
2 0.71373473490079
1 0.5706042542076146
2 0.6482265458336062
2 0.6873739012967102
2 0.45168694347961247
2 0.8743669101778666
1 0.22332300911825367
2 0.7177575496194332
1 1.0199446867010826
2 0.7799996866215317
2 0.5251698518196755
1 0.704117563075789
1 1.0930842901113307
1 0.7699468000019408
2 0.9855786234373806
1 0.3461585207911682
2 0.6349057653515241
2 0.5218409407478413
1 0.6809521041617733
2 0.6661540730052361
1 0.3098180004737699
2 1.1980862212323435
1 1.9457855521115643
1 0.6080402806883752
1 1.3695244952983305
2 0.37359625228922505
2 0.7953202483336742
2 1.2113453094695175
1 0.5279473238735146
1 3.6595985820884613
2 0.7178360492224568
2 0.851597493173813
1 0.5573450523709765
1 0.3153651257505103
1 0.2464129736577306
2 0.5233536938721071
1 0.6316428459606745
2 0.7989947294591733
2 0.4859904475056347
1 0.5272699441549191
2 0.740183356189643
2 0.8266171661194343
2 0.6390767799441915
1 1.6558999872943752
2 0.46510655248433525
2 0.7434859765819459
1 0.47486405253798714
1 1.2226032461652716
2 0.2716614383359549
1 0.960957216160278
2 1.9417733009605391
2 1.1142795929919813
2 0.5489700428117573
1 0.5459664908986682
2 0.7244013603194353
1 0.5814537009732621
1 0.2921925021852967
2 0.9058892347728411
1 1.3441096742849596
1 1.6303998852338049
1 0.6227147197928522
2 1.3239551230301423
1 0.47158306522022464
1 1.7616882145991164
1 0.7030349891210405
2 1.3360921103438017
2 0.7454868759737725
1 1.753546831874791
2 0.840153942465777
1 0.4316519544306609
2 0.5361292884937384
1 0.24842631728002562
2 1.1125850244577076
1 0.9158467998476383
1 0.47300594265170787
2 0.6408554406261112
2 0.9069933842970679
1 0.36158534209352133
2 0.5481815137753211
1 1.131080498935662
2 0.40085020353507933
2 1.5629692228289083
2 0.3788675284340271
2 1.4036213849538097
1 0.7442401241609757
1 0.8199595972803237
2 0.6627765838418624
1 1.7409073541308326
1 0.9877385889236401
1 1.0587985706806349
1 0.2243336475236595
1 0.27633683680855237
2 0.8859637608587193
2 0.39190847204864837
2 1.7703342117599599
2 0.6211838994722606
2 0.8012434326782795
2 0.5826796573393488
1 0.3878827270292559
2 0.6879087349424106
1 0.33022195735325927
2 0.70999910585604
1 1.0368895797347155
2 1.6902152128394052
2 2.040390451120797
1 1.2381352020623848
2 0.591120760908562
1 1.0994885370342786
2 1.0958245618067863
1 0.8038827615139825
1 0.5797841142055821
2 2.3934253695085355
1 1.5325679414581515
1 0.2614598162320338
1 1.1149986417291833
1 0.4473244226993366
1 1.9534800205287177
2 1.1908248723937456
2 1.6660527176778805
2 0.7272111684266395
1 1.8349916878516803
1 0.5918121619379004
1 1.3407617881994747
1 1.6160193574366724
1 0.4629130073639939
2 0.6348177279157969
2 0.43360743861866474
2 0.9513500948396757
2 0.8670901396727873
1 1.1668609583908915
2 0.6424191701312838
2 0.6579687387806831
2 0.3323057399199899
2 1.2320947728415514
1 0.70318491245556
2 3.2367059640199782
1 0.5774803489759339
2 0.6116868525546832
1 0.6799860381682342
2 0.562199131151636
1 1.6417767909787728
2 0.265960490889867
2 0.44276524209591395
2 1.3236785581616821
2 0.6674673160905435
2 1.091666056178024
1 0.7928993813347666
1 0.36219752370633423
2 1.388973730848911
1 0.5847778273401959
2 0.8596439412174148
2 0.720733729830269
1 0.4273982158151276
2 0.9651263658450775
1 0.46215130997387927
1 0.7238084842738182
2 0.6212854564650097
2 0.5981836342466524
2 0.555235937620241
1 2.9793171179827698
1 1.0044985741801806
1 0.7605879088780622
2 0.9702421334434674
1 0.49478438479571407
1 0.7532682871415177
2 0.9184000415461212
1 0.9338355554600608
2 1.6348578714522206
2 1.2426880281831856
1 0.4773759520797839
2 0.7508536072249777
2 0.7246977159315685
2 0.8027675487433641
2 0.7694203316947209
2 0.9445234255830491
1 0.385193606124023
2 0.5455103222601028
1 1.3183128232562702
2 0.4618284158679584
2 1.3767129932812916
1 0.6083140216464371
1 0.5871245287816447
1 0.9193381296863431
1 0.32443034522096
1 0.6816534257220666
2 1.3560868401024813
2 0.7830794511328517
2 0.8032340187911567
2 0.7686819307906392
2 1.2233746830047267
2 0.5805958464512808
2 0.4795530482576534
2 0.3784840866754966
2 0.7177567991876335
2 0.3974421155791865
2 1.1674247143156282
1 1.1098274860456887
1 0.5754698811221567
2 1.4431326727309906
2 1.249625684296666
1 0.5206878992025629
2 2.4428929672291773
2 0.7717483634762816
2 1.6430161220924766
2 0.7221295667237617
2 0.7855992613051613
2 0.38805767199305363
2 0.849163883839676
2 0.5929965747499207
1 0.7737472364853173
2 0.8679829607217653
1 1.6701224353156308
2 1.467597019534523
2 0.9108179729739183
2 0.2598533638193913
1 1.3407133021658832
1 0.6919059990517573
1 0.38539589227039744
1 0.16610520767394654
2 0.45511151868586863
1 0.6879393572538712
2 0.46238675213569913
1 1.0824444911451732
2 0.3884561322561408
2 1.1045918816040106
1 1.3856059463924344
2 0.8468133578859435
2 0.5272687547269868
1 0.5559882079235131
1 1.5217492028734123
1 0.6881922702533003
1 0.4935109161284884
2 1.0918131855707955
1 0.20222662025658836
1 0.8566939010176673
2 1.699777894591525
2 1.3247751680963424
2 1.0058222270641768
2 0.7348422462435155
2 0.7670789948551728
2 1.3606334754344873
2 0.9193642172544638
2 0.39149402659441573
1 0.5611142698027352
2 0.9898972128281653
2 1.7478954956407036
2 1.0198583042403593
2 0.9670178413276235
2 3.905173777009474
2 1.5082568823329365
1 0.9346584846460305
1 1.316383001198074
1 0.8778144984819193
1 1.136548449196988
2 0.4883842815440198
1 0.5206328255875123
2 1.2956022769800033
2 0.5902907510455203
1 1.8439042505132268
2 1.7751848504184633
2 0.5046225598880049
2 0.32346697815422687
2 0.21871579065186386
1 0.6947797358584987
1 0.5702153351463796
1 0.4865661263790936
1 0.6410182853386702
2 0.6891889788992275
2 0.7827691450363091
1 0.7780779770797567
1 0.9568213053575289
2 1.4115132907314814
2 0.7912358147065578
2 0.6351504667362755
2 2.4584046790338867
1 0.40846304691455315
1 0.7671175615720137
1 0.7303160776408908
2 1.0911289458256583
1 0.7406290579527269
2 0.6910637933629061
2 1.357054983364593
2 0.7012794045905854
1 0.9472088039980372
1 0.9974969263690262
1 0.7731324042412542
1 0.5407314943771635
2 0.5829355503979528
2 0.7118270963004077
2 0.40121607969896306
2 1.3839739449706034
2 1.3108394456718633
1 0.5617722091488346
1 1.608147366407827
2 2.4438867502395065
1 0.5563483304592706
2 1.5633277373709866
1 1.0722103248088033
1 4.140879245961102
1 0.7576856316543906
2 0.4745518911330361
1 0.5457869618422708
1 1.2405183930983423
2 0.5121138176532943
1 0.739201632212123
2 0.595944237139006
1 0.25162785295483586
2 0.8055731065920223
1 0.949327452245174
2 0.9396912689105623
1 0.45512756975183544
2 1.6877807493845562
2 1.1191145885726734
1 1.0487084985447852
1 1.772605847549304
1 1.9714961483685585
2 0.9534460154531761
2 0.3870745857431235
2 0.5295961155462451
1 0.946306155784548
1 1.980881657010298
1 0.8036142321928372
1 0.5418330423745945
1 0.7485042957677466
1 0.6559185526784758
1 0.7301066735841826
2 0.7421861504484473
1 0.9132946351285258
2 0.3530649309542797
1 0.7589272356935576
1 0.6226483472312522
1 0.5830637826624719
1 0.38204154887530173
1 0.8534460307154239
2 0.910893944995322
2 1.1397825323447257
2 0.5204967652398482
2 0.686687696333826
2 1.0126352925885078
2 0.7812379738336451
2 0.8213978680520929
2 0.8594326899686492
1 2.8147922847900726
2 0.5169077323266247
1 0.6099616297452325
2 0.8148899651095213
1 2.878447770944254
2 1.097166102127071
2 1.6677631490999434
1 0.5832663063508687
1 1.0512417300929275
2 0.5306916270523997
1 1.2115378832838544
1 1.1850281860755694
2 3.1309837319217664
1 1.662407194608563
1 1.1522190890651678
2 0.34327591874202523
1 0.608282873262867
2 1.105170982475244
2 0.3120275403112219
2 0.9723829483007169
2 0.9621260395697102
2 0.2562489451576177
2 0.5863752457250587
1 0.8505198470939329
2 1.5005729066601186
1 0.8837681220624317
2 1.1469816207749222
2 0.4537958866808363
1 1.3685236512596632
2 0.6515218413050446
1 0.49520927395598796
1 0.13897323117910554
1 1.1197933989527333
2 0.6479301938335621
2 1.0545576354082877
1 0.8308944855333785
2 0.4990430398070227
1 0.6379753993153007
2 0.5693054326887527
1 0.7649461429478249
2 0.9430559140455955
1 1.038880352106351
1 0.5017124055497538
1 0.519700399459958
2 0.8174470227066587
1 1.01222796843099
2 0.4888268268266949
2 0.3916540923059298
1 0.9098371535545434
1 1.4423098259953866
1 0.3505769963872954
2 1.197553539664289
1 1.3579751908158264
1 1.0466277511016866
1 0.39714504432856435
1 0.9978311524300861
1 1.456762594798858
2 0.5688450274802587
1 0.7114655166175133
2 0.7228939731481799
2 1.5995713141862056
1 1.1994985165136753
2 1.5285055029955805
1 0.42536384294071233
1 2.8955843309249882
1 0.9423680365957928
1 1.054402501895592
1 1.262288614657664
2 1.3068728884145338
1 2.2853517341417366
1 0.5405495248578324
1 0.929695173860731
1 1.1404348763546373
1 0.7091113702336501
1 2.9312530895353315
2 0.47336483942911944
2 0.7955281346446204
1 0.6287146019491867
1 1.069443162244003
1 1.5360158012138887
1 0.48521601777476875
2 0.5527679274109324
2 0.99531848953175
2 0.44379653771659033
1 0.8560124011295929
2 2.1935833673275185
1 1.376300506006706
1 1.340416253278736
2 0.6144371194351608
1 0.8212557479163662
1 0.4746446913834765
2 0.43092316812446513
1 0.7359265804462277
1 0.3744959784236126
1 1.1084885778580877
2 0.7121425300296618
1 0.49121514739731637
2 1.4306690984288584
2 0.5996941161039185
2 0.7432338773331082
2 0.8343050040892017
2 1.6036530648113962
2 0.808468507952063
1 0.15371524541404202
2 0.9795966940473266
2 0.7171278086839014
2 0.32253673674897215
1 1.5135410095487671
1 0.5048599227056545
2 0.5903412258861236
1 3.2909792278064884
2 0.35799078267787454
1 0.7379009504012123
2 0.8194768860332133
2 0.21361698811854868
1 1.211424728083582
1 0.44087317970544776
2 0.41474790227211783
1 0.7686179461819913
2 0.48689051787370125
1 0.9619995357639415
1 2.338591875475383
2 0.7364181461898903
2 0.7103349688383589
1 0.4185078585324823
1 0.48568800687154534
2 1.0273867195792432
2 0.5222760900491361
1 0.7257872976068558
2 1.1082580248863432
2 0.4013188585953863
2 0.6692269329649229
1 0.2969797427540934
2 0.8578441878107438
1 0.4376653031873617
2 0.9962832616641153
2 0.45421358228851005
1 0.7154471370351322
2 2.9283497310072137
1 0.4761201460862141
1 0.8534498597501052
1 0.6326313190489781
2 1.8365517081563725
1 1.1235442779827327
2 2.1854555489959915
2 1.0812856108614566
1 0.6600405460260617
2 0.8941561273974353
2 0.6320791505181911
1 1.026805754132906
2 0.41406161436328925
2 0.6280148888995064
2 0.5494895259304391
2 0.6113425383893552
2 1.101631108568421
2 0.2114970502383934
1 1.562767175530632
1 1.4217175556614705
2 1.4895784305339115
1 1.2150011416008872
1 0.565623260270437
1 1.1340508105367644
2 0.8628564515537455
2 0.9210339674709149
2 2.7829190199723257
2 0.5000052206760024
2 0.5526865276588909
2 0.28346885149480305
1 0.998946986885215
2 0.9815498467306203
2 0.7527285152532586
1 0.9907153633935823
2 0.5662859001127319
2 0.7846586112107166
2 0.7733104459288438
2 1.1252114084436737
1 0.8845183996629686
2 1.7671967958212325
1 0.7704680334268555
1 2.506107945915298
2 0.5587384239215305
1 0.4823524816643613
1 1.134476751021935
2 1.0729713759538035
2 0.818522878891102
2 0.3955524273291869
2 0.6049134255749984
1 0.7002757216928689
1 0.7718845654009479
1 0.33515395716246776
1 1.7402716036960855
2 0.6237817794470065
2 2.298042522257742
1 0.9353805608726662
2 0.9993900065564497
2 0.7793377654760173
2 1.1881458514394698
1 0.5929626316337103
2 0.24646182763509852
1 3.062038410516628
2 0.5720708458671133
1 0.8317182056837829
2 0.9625581420824025
2 0.9885844474210197
2 0.7579610898554234
2 1.4405586315881482
2 0.8945912570510356
2 0.6605908118878501
2 0.6758116537891627
2 0.7787860523668246
2 2.1282629576233902
1 0.8881599496951272
2 0.392765344376951
1 1.200257830183557
1 0.29931117075580127
1 0.7441525810897068
2 0.7345880045010553
1 0.7830159815515503
1 0.5915768232133751
1 0.5153827329354487
2 1.1297552177888759
2 0.48090341504442496
2 0.46932148935728557
1 0.48586168609646024
2 0.3001041615759795
1 1.0268533273380331
2 0.49426958049570563
2 1.272991762117925
2 0.9738816865606531
2 0.9839864544792208
1 0.8254620649039138
2 0.4254377852507893
2 1.5218975128312195
1 1.3333594977535275
2 0.30056612341506866
1 1.1641680455534285
1 0.2908831086406908
2 1.212296497868851
1 1.2396911868197067
1 1.024220930077044
1 0.7129908672890207
1 0.6182323449515156
2 1.3262265842819883
2 0.8350490532162382
1 0.7636522538553808
1 0.4054205017814346
2 1.400273114888553
1 0.6859743263796572
2 0.876153051257115
1 2.105105486201009
1 0.818205270331369
2 0.8299803943750275
2 2.2275713322804087
2 1.262636494283273
2 0.9886978907598855
2 0.7074793881380179
2 1.5256702257883217
1 0.8036624881258178
2 0.8287029547530238
2 0.44149682016329456
2 1.7296414379780614
1 1.1766476177830387
2 0.7418429812299624
1 0.8206967702660015
1 0.4964300998029378
2 0.6861488521168867
1 1.7836473257257548
2 2.1473887730685353
2 0.21810386023595257
1 0.8049330714646813
1 0.3115000565174167
1 1.3978192122860091
2 0.6183815167165003
2 0.8001800498811734
2 0.5821076641967557
1 0.6794829664466818
1 1.38351216164224
1 2.8475881598522372
1 0.5823365071762772
2 0.6589121249532246
1 0.7755127223091645
1 0.6269382767239963
2 0.5646293641298449
2 0.5388853162030791
2 2.249286202354962
1 2.348403083883687
2 0.5145446320697744
1 1.0353151675972212
1 0.6486081823595055
1 0.3469619305243788
2 1.4520445818838799
2 1.5611810152516392
2 0.6714659763180861
2 1.1546342017060487
1 1.7638615704177316
2 0.3963850475073583
2 0.5026888467176238
2 0.9055414837302038
2 2.6083989909864207
2 0.7636578066946237
1 0.8936741288117684
2 0.6400227131311472
1 0.7157431409193089
1 1.6730031123702942
1 1.34475817682624
2 0.7901151896361227
1 0.4396929294056331
2 1.1643071427987943
1 0.7852756195134148
1 0.9194501027236998
1 0.900813152444365
2 0.7260972846585008
1 0.4179591717240352
2 2.988519484485939
2 0.45136306000592286
2 3.4381474527275606
2 0.829655138736222
2 3.3373046162616062
2 1.0001933606278985
1 0.8218457537792138
2 0.7118798552572517
1 0.9562816888516608
1 0.6207896471663594
1 0.5662662157506442
1 1.1558160457924447
2 0.2723184987216399
2 0.8490880924709525
2 4.653929637609693
2 0.3032092467421512
2 0.2554040815328561
1 1.5773597984517977
1 0.6917854096790435
2 0.8697000571577003
2 1.1616982967725629
2 1.0241379926364889
2 0.6961390296138096
2 1.3355846230146953
1 2.0539267899863387
2 1.3595826530248811
1 1.4055962434405518
1 0.738531776270463
2 0.7170306408144271
2 0.930095448694603
2 0.9557576711146608
2 0.839149507606423
2 0.6364611631184731
2 0.6843985283873447
1 2.7029879749729635
2 0.4390873265921082
2 0.5191458338022276
2 0.8401953496864983
1 1.0716629224562038
1 1.9889357152256808
2 0.38001606001141885
2 0.32091941035619637
1 1.079826340968954
2 0.811530358646915
2 1.2200487012429384
2 0.9885651457008168
1 0.6369370292776872
1 0.6590728947254819
1 0.7697941683331312
2 1.5746185151396574
1 2.282449485280615
2 2.245686703242704
2 0.8551787276992602
2 0.6877512332937318
2 0.8123939843796192
2 0.9097815091480932
2 0.5021943013564721
2 1.076784279002601
2 0.48378460504660364
1 0.6405291293640708
2 0.8709829639603284
2 0.5432983832502167
2 0.23416557634372584
2 0.7451382867252244
2 0.5820516630792426
2 0.771503379680584
1 0.6248369227437649
2 0.9304516037912492
1 1.2059831782006591
1 0.48577958647693587
2 0.6077937814050975
1 1.3554295513894892
2 1.1080501255149096
2 1.3909750521559703
2 0.4747596252213994
2 0.6356574690658949
2 0.9043368878911427
1 1.0534562400887142
1 0.7174045237000461
2 0.7884461066944269
2 1.3378563805945283
2 0.6332317259131688
2 2.770153864828171
1 1.4122682477734492
2 0.8172706057579023
2 0.6308814797663028
1 1.8943757481353205
2 0.8787723214149096
2 0.5506910191451889
1 0.9902958688403193
2 0.7206316391304353
1 0.49839086598134846
2 0.8163406866929487
1 0.5948743912059883
1 0.5685569974575014
1 0.397988534543982
2 0.43899237332166163
1 0.4694939113443185
2 0.39347591629453016
2 0.6691634310243417
2 0.6660050317042945
2 1.2715469731044806
2 0.620795572495215
2 0.8977933561213999
1 1.018427733082113
2 0.5590989817712516
2 0.48380015039627533
2 0.7864238527291154
1 0.6578439730301937
1 0.9578221832934459
1 0.4580595494612194
2 1.8704720099887588
1 0.7001183938039429
1 1.0527587709826296
2 0.9739585643674744
2 1.1363304681474442
2 0.3455137507522918
1 0.9160039144366502
1 0.620647298669944
2 1.0646790132975368
1 0.9831594100586967
1 0.4920039816745151
1 1.1115170161062107
2 0.41970254983130734
1 0.6564151085906008
1 0.6134417157942289
2 2.189225546470195
2 1.606071343474778
1 0.3157313670421203
2 0.6518820490886413
2 1.0018834394665554
1 1.000451518088407
2 0.182336455107911
1 0.5417995767833571
1 0.7282295235595097
1 0.5393221465546968
2 0.8511446722123046
2 0.21030162315734924
2 1.2623974940003746
2 0.7642729642823717
2 1.6382874008875092
2 0.6686411981203378
2 0.5946297885893435
1 0.508525312383305
1 0.5714689432328398
1 1.0222960003271622
1 3.4407552188437385
2 0.3931813123774092
1 1.4160539750126242
2 0.24900711362472777
1 1.513327478117076
1 0.4560913537552417
2 0.8429940351547571
1 0.504910972949955
2 0.7771374168201595
2 0.5222852484008238
1 0.4912842445752478
1 0.4262923236715664
1 0.6523538931062277
2 0.628401176261178
2 0.4421059391500517
2 0.5120212975510164
2 0.36244690597216694
2 0.5050226354693672
1 0.3285233548965519
1 0.22638098919572958
2 1.0723807389650526
1 0.5280624553383809
2 0.7979886448460803
2 3.3873204183419094
1 0.7129084499912551
2 0.31583745014475895
2 1.3611373284194528
2 0.6127207572531861
1 2.5984227925357186
1 0.3871895923814597
1 0.6183230179108095
1 0.8683652545925643
1 0.6697130311525779
2 0.8251985197128017
1 0.6363558647693328
1 0.74606760688246
1 0.5161324482982043
1 1.0006596477628487
1 2.114464448591295
1 1.740198540947818
2 0.6358209788299487
2 0.6230875341550398
1 0.4170570863583824
2 0.37233357813023876
1 0.8669681565188978
2 0.9835359068978595
2 0.7982123900568828
2 1.482152843245128
2 0.6959795557139979
1 0.4511681340776079
2 1.4145047646412556
2 0.5392250634731792
1 0.9647658009785053
1 0.8061271037103903
2 0.8071957116085076
1 1.1166932452426348
2 0.49599483954655643
2 1.4644877443548123
2 0.9107506917561171
1 0.6352318446227309
1 0.36249401377017837
1 0.9889507410602302
1 1.2408226412026084
1 0.4966136648548841
2 0.3214512183702731
2 0.9115795863389874
2 0.7329760051575293
2 2.011279877475732
1 1.0693523625377328
1 1.1354899221541976
2 1.2304960051579084
1 0.6072323167046806
2 0.822528674402586
2 1.3014803418456824
2 0.9281367128075286
2 0.9308263128942434
2 0.1750249564534514
2 1.209615557860004
2 0.46535056112212636
1 0.24448921823293457
2 1.990025823908625
1 1.0514064613726046
2 0.7375766482547094
2 1.576147445404295
1 0.2749990404729268
2 1.173966248021716
2 0.6751651989127699
2 0.7373896546730426
1 0.800516327207565
1 0.1197188690294354
1 0.722384121128167
1 0.37079915563660665
2 3.8514348384394426
1 0.7089112030112699
2 1.5768841856549738
1 1.1253834887853442
1 0.6210343174733035
1 0.7634518807063221
2 2.677464433454995
2 0.8428695155387149
2 0.9177032766019487
2 0.620837415336815
1 0.5867171591442267
2 0.8079891309173493
1 0.44328426609506477
2 4.103507970462797
1 0.5460131010716661
1 1.1725335558304544
1 0.7066377996618669
2 0.6907963953683137
1 1.30651192350727
2 0.5539117929238845
1 0.9119792863610601
1 1.5867589629566365
1 0.809660526042083
1 1.294069255293722
1 0.7046558495523996
1 0.296425654504311
2 0.5828165768047924
1 0.8221463486333002
2 0.6318774222682024
1 0.6451120485125211
1 1.8960149755340243
2 0.46202596179748495
1 0.4740090840370946
1 0.5006405444618832
1 1.038662468030377
1 1.0611109689259242
2 0.5040836455735899
2 1.1190503943080377
1 1.0368842866163654
2 0.6421193246235608
1 1.1244437347854368
2 0.8074411997504264
2 0.558243880305871
1 1.3296973236939267
1 1.2592309938578847
1 1.097253191739395
2 1.861041542925358
2 0.26130355351706497
2 1.2509375623122894
1 0.2460168411080835
2 0.3874202018856183
1 0.5105072511525179
1 0.756856396617227
1 0.4346213256674286
2 1.20437201519838
1 0.9026920172235529
1 0.5680724701612648
1 1.3884999588551592
2 0.5736653642466019
2 0.8238852469529273
2 1.7059947755565181
1 0.3400036275490037
2 0.9116318136248478
2 1.3650648380786112
2 1.0524898658126542
2 0.6966404189609648
1 0.5960484269281617
1 2.084553008131179
2 1.102852158662728
1 0.6990409545676408
1 1.5931028853849227
2 1.4826356329770727
1 0.9138180473010579
1 1.0250047132163398
2 0.4837961025172133
1 0.36454585751716867
1 0.9827012877608368
1 0.9978227076867056
2 0.6655215518451653
1 1.1118840984718232
2 0.5818211320064606
2 0.8492298963343334
1 2.1681980688671807
2 2.856325471211787
2 0.5295378150212214
1 0.4685737060810559
2 0.7533595609834596
1 0.3097211597250226
2 1.2654460586212501
2 1.5658722107318188
1 0.6660649018678215
2 0.9923504088457529
2 0.4500511605552641
2 1.833537455618156
2 0.488071938061369
2 0.7512179817583451
1 0.7763109182871167
2 0.8429646236012819
1 0.6203068509075006
1 0.43284210938402357
2 0.5327623691394652
2 0.7067240408811948
1 1.6529563043394935
2 0.4590325494429555
1 0.938831195539208
2 3.1760648920796104
2 0.6187893816973273
1 1.0847191313695594
1 1.6452454109538166
2 0.9277933719059076
1 0.946598314070328
2 1.1929995939136284
2 0.4451515559882476
2 0.7121813631601084
2 0.49899186734758794
2 0.6612847482119145
1 0.9327870381909037
2 2.177442373278283
1 0.47187048575190504
1 0.5571461501236027
1 0.7080757783664926
1 0.47469977925437706
2 0.660720780863904
1 1.0288422600710043
2 0.8298905254104769
2 0.5771003257680425
2 0.7573103575310319
2 2.285389063008644
2 2.0774577967054584
2 1.9100475506346297
2 0.5206007461085664
2 0.30203988780923324
1 0.3082503834279486
2 1.6405078256626349
1 1.3445022016233366
2 0.9338598774046621
2 0.4804786383586853
2 0.8660371674634644
2 0.9036949009274999
1 0.5416288935388861
2 0.8365571386420253
2 4.041661269722981
1 0.5158420130175869
1 0.6464869147683359
2 2.2059523731968436
2 2.204697966001098
1 0.5093817165826312
2 0.5956763688095614
2 0.3233723194000119
2 0.25707288422456775
2 0.4527358768876939
1 0.6634498223748952
1 1.1833621347644634
2 2.395560440216836
2 2.2041895926661828
2 0.5877050049675473
2 1.5963342033146177
2 1.0656271665266086
2 1.8312380077847425
2 0.6378860297644596
2 0.7675060090098054
2 0.7906544722562953
2 0.783119145136939
1 0.7282552328038945
1 1.3618207609939945
1 0.22211669820832414
1 2.337240821756178
2 0.8998754155795193
1 2.054332702752443
2 0.769067329504716
2 0.5904752143652885
2 0.7665681349406035
1 0.6847139015171331
1 1.083375181391747
2 0.6707192069916846
2 0.6503489657442204
2 0.33795227142971623
2 1.1399479860590527
1 1.7623567886622362
1 0.7560826777608279
1 0.6553367489761034
2 0.5121278461343788
2 0.934785866504657
1 0.7392677697158517
2 0.3865397493356789
2 0.5444173290396251
1 0.8337826034394551
2 0.8447368490843369
1 1.1095857619516696
1 0.7911685952088764
2 0.6025785076574591
1 3.304955330245698
1 0.73824079570792
1 1.0349426902249284
1 0.21059483156706477
1 0.39653855452534414
2 0.45191237490948466
2 0.3706109707865268
2 0.8727349759496925
2 1.477297634672636
2 0.7714065578137713
2 1.3651372921602352
2 1.4330647555606253
1 0.7153417721211457
2 0.610550438654445
1 1.0975673042083813
1 0.6397063276412317
2 1.11394213361504
2 3.4481343823338597
2 0.8430117349975873
2 1.3863251359230098
1 0.7040856869520336
1 0.7877138404484401
1 0.6707095073455458
2 0.8624205917317277
1 0.7724084537108302
1 0.4676970441776232
2 0.845111643051372
1 0.4026289723968445
2 1.3010730090948694
2 1.6556117463116455
2 0.6511088799220454
1 0.7918601709447329
1 0.5865557489028523
1 0.5299013779883225
1 0.4219969753873321
1 0.9487857751132833
2 0.5217331305234801
2 0.40716742702396774
1 0.2630678929979928
2 0.4156129560045733
2 0.47068443893650785
1 1.3489169878521365
1 0.22348593209433285
1 0.880976939872254
1 1.7245378457234177
2 2.0333733956753934
2 0.654511723932721
1 3.117788849036827
2 0.2680411326107776
1 1.3708703250542653
1 0.6765924955348698
2 0.31271563275451353
2 0.20338063429308423
1 0.7211393297853708
1 0.5214694785773728
1 0.3003890311046913
1 0.5019602708226429
1 0.7024073894937912
2 0.4776954900226525
1 0.2994453570213879
2 1.1441847942069694
1 0.651541550555503
1 0.6142461907154575
2 0.5451272049047653
1 0.5672697084195407
1 0.9099272190110166
1 0.5464510831615625
2 0.8728188218363353
1 0.7066476751607983
1 1.554830980173123
1 0.4519435759415371
2 0.6032994095261759
1 0.7339194306681224
2 1.409851196598668
1 0.9872989836923658
1 0.8064957207119678
2 0.48798612165504124
2 0.9124800023973786
2 0.6592517598679568
1 0.8996258010541808
2 0.1731610399857251
1 0.48407982849858144
2 0.5327111261840776
1 0.6788887351060449
2 0.505149627000612
2 1.0304744230693637
1 1.3903558247101169
2 0.9443709799991375
2 0.46099673085685877
2 1.0500348589283328
1 0.6423942444030106
1 1.1147350248835053
2 0.730042909470875
1 0.7568198568968861
1 1.1064040015541088
1 1.5184786622915385
2 0.4506385774364872
1 0.5421578319362784
2 1.3418490506228322
2 2.5778229650217277
1 0.6553684921168312
1 0.7425504512712382
1 1.2361946572568692
2 0.9248410882276101
2 0.9853698952234755
2 0.8689752061067252
2 0.10761750587632647
2 0.23997035237641087
2 1.0108626324945589
2 0.588296805323311
1 0.7658899053617144
2 3.2110221293447703
1 0.4138058996623581
1 1.683060417169395
1 0.8096184516664485
2 0.7394033597360236
1 0.5377892967903902
2 0.3336130977079655
1 0.5391225016449452
1 0.46556541417378505
1 0.7027981436509629
1 0.492885552194156
2 0.5634939756979142
2 0.562434841621588
1 0.5901004723006859
1 0.8888909324209234
1 0.3806478844489535
2 0.2802406617102424
2 0.2733117034533944
2 0.9828407203886904
2 0.3913018600913186
1 0.6961412670973762
2 2.281868636888816
2 0.6789426730259277
1 0.5873400450975335
1 0.5232132391048536
2 0.30347121655201564
1 0.8041284400111237
1 0.7374389402630336
2 0.9095326683997342
1 0.5617684225952596
2 2.534215648374541
2 0.754037190800225
1 0.4204785970924804
2 0.6361073717689615
2 1.3351712900460777
1 0.30605888663707487
2 0.4686439685296646
1 0.9520382366102852
2 0.5742022146771032
2 0.7934360541389789
1 0.7052817144847208
2 1.6623811072908639
2 1.4399280757515431
1 0.4471316541149423
2 0.7204420104593967
2 2.1686028334851217
2 0.8179484505179353
2 0.8389346375483461
2 1.8596518091191956
2 2.1718392984597297
2 0.6315345276399477
2 0.5929853390479991
2 0.8740758491135492
1 0.45036166240026393
2 1.112801558179858
2 0.33154020449542876
1 1.3990286351563412
2 0.9107454358814083
1 1.084865041281325
2 0.6124150537244282
1 0.16806206347980995
1 1.408599984121533
2 1.1659027316645083
1 0.7423325137922484
2 0.49756530350349104
2 0.30971738385007885
1 0.7750883535816743
1 1.062708129060305
1 1.410228094504933
1 0.9867170918345171
2 0.678787916004539
2 1.7777982702776154
2 0.1567874044277837
2 0.7656727728427388
2 1.5894035319664235
2 0.7814693082540426
2 0.8701176213885315
1 1.1615647740865547
2 0.8028351202941238
1 1.4516611040803729
2 0.300723145929762
1 0.33105457586075165
1 0.8376472763797527
1 0.557884121113419
2 0.4757323035167103
1 1.2461872746465488
1 0.5775564445837432
1 4.636593709963237
2 1.0802153362299625
2 1.0368728599262216
2 0.5478575630113375
1 0.6830354363392854
1 1.173150045032508
1 1.0905332231005609
2 0.9746453602511502
2 2.4814646721404094
2 0.7121101747873895
1 1.0914037529194878
1 0.6060206608914652
1 0.3377835446001665
2 0.753121214627074
2 0.4531896704158219
1 0.43394627196722274
1 0.4832507254634502
2 0.7869533450975781
2 0.835681984802943
2 0.667274547304835
2 0.8297550898612495
1 0.42746647412440675
2 0.9775831835252975
2 1.0678281777147356
2 0.8169075852579315
2 0.7632897935552736
1 0.49531847634226167
2 1.026737826459838
1 0.730936350686265
2 0.5754012945613753
1 0.3366586275906112
1 0.7015888983336606
2 0.3123251591185754
2 0.7896559273191004
1 0.5685479837903921
1 0.763149464317422
2 0.29641910329423155
1 1.8571080451261766
2 0.5725487358143289
1 1.3065119083466112
2 0.5884400939856727
1 0.4553990000050836
2 0.7823630080579751
1 0.5318612533226924
2 1.3286220251833691
1 0.5755584382123693
1 0.8510452768328964
1 2.268278983941453
2 0.706440131924232
2 1.2325958395372625
1 1.2501897841661824
1 0.42561344027067644
1 1.7121341744583247
1 0.5404218068527094
2 1.106525674699229
2 0.555077679148895
1 0.6819938846649705
1 0.8367667321620956
1 0.6754200081567544
2 0.9381483798526357
1 0.44138410038676124
2 1.2838399243730225
1 0.24625196270550861
1 0.7470744682104791
1 0.9737345070477393
1 0.5134276605168184
2 0.8623611795376795
1 0.40228111498355473
1 0.3463591449312614
1 0.33154651196831214
2 1.8839880672418228
2 1.4434143279605884
2 0.5112723132536264
2 0.3976291502287998
1 1.8150516292454317
2 1.5791086174601938
1 0.6654507238151102
1 0.23038866593418617
1 0.7588627470247106
1 0.8276036443735277
2 0.8504164675256051
1 0.6550513598833331
1 0.9491780160422406
1 2.5622811626761863
2 0.6614908877169896
2 1.2686638273461563
2 1.613034344226703
1 0.35699500495793984
2 0.5075087239690681
1 1.0855411956205707
1 0.5572375447810425
2 1.4836530341712832
2 0.6153662964171087
2 0.5105752679094316
1 0.559340374348804
2 0.969448092106322
1 0.6147963973333742
2 1.1399399948354614
2 1.0372284677937829
1 1.111823410964721
2 1.0923941405893336
2 0.6125429472939725
2 0.7337751842495523
1 1.3647172180286133
1 4.71374651498603
1 0.13907425731872372
1 0.7858106990461802
2 0.5001417249329623
1 0.8711658263918955
1 1.774410891635793
1 0.6438911686116082
2 1.2610356935799172
1 0.5933334634422683
2 0.5625598711765534
1 0.7644654334119964
1 0.4368268954690187
2 1.0907202957105038
1 0.46045041790377494
2 2.2657814454168075
2 0.660921764044416
2 1.1412095019994064
1 1.2108782960203326
2 0.5207387450609106
2 0.5596257998422193
1 2.9944080926757897
1 1.1729710404992724
2 0.8598320787282504
1 1.0535761242430166
2 2.2379726538221685
2 1.1834825013588992
1 0.3623150718044899
1 2.429516688913403
1 0.5698615162074367
1 0.5787935970601316
2 0.5723502901356099
2 1.1007230397386483
2 0.25877481040036127
1 0.948358941486389
1 0.7521055297730722
2 1.8384829103024996
2 0.5913210468201566
1 1.581122233120803
1 1.2250777481376447
1 1.0079985031147385
2 0.8251714556948944
1 0.5910399184373633
2 2.4638136906983283
1 0.8861229002306467
1 0.8951883330112647
2 0.22112059301051684
1 0.3882286665217214
2 1.7459753903639315
2 0.33674225066587204
2 1.0224593891885319
2 6.062038290891683
2 3.215952710778756
1 1.0027870448112137
2 0.5214041167688949
2 0.5412621936714348
2 0.6932700334080811
1 1.8283104420988399
2 2.113155323821673
1 1.1272466207814302
1 0.8087390109267304
2 1.0309364484060444
2 1.4562186558155854
1 0.8888376921439382
1 0.4670364445557807
2 1.867883073887909
1 0.9011727508407015
2 1.9756707660448316
2 2.8110700968106648
1 0.34555806439810477
2 0.5616505429597282
1 3.063800405122521
2 0.7232937476383631
1 1.4418802058928983
1 0.8091281642987044
1 0.6526632452980524
2 0.29635381934296506
2 2.2678878956414223
1 1.7090647125126053
2 0.6844198903532049
1 0.5461169860165246
2 0.6032750490849493
1 0.8769118945523393
2 0.9750401297518444
2 0.44191030287327276
2 0.17669492373731546
2 0.4987252786545986
2 0.4246553383676769
2 0.15988204920451435
2 1.2013452441594625
2 1.5763149090609885
1 0.3400682171380315
1 1.2601371344678813
1 1.4748425798556988
2 1.5925158612203458
2 0.5027766773450831
2 0.48495796045968803
2 1.2039966616439997
1 1.4719144391148111
2 0.8292183746126816
1 0.8545235206320753
2 2.2941917213248444
2 0.28501592558488875
2 0.7092005780835271
2 0.8068385150520769
1 1.5732596937017718
2 1.1228245335536517
2 0.9343587384448339
2 0.7810080986996015
2 0.6596308398645335
1 1.009496441278763
1 0.94504598919912
2 0.3513468586424467
1 0.390128416816144
2 0.7858243262078087
2 0.21045321204340747
1 1.000753307708801
2 1.0401330495299843
2 0.7576579522947732
2 0.6729352708229075
1 0.15615392639371575
1 1.78275438280422
2 0.6530074446696099
1 0.8600702603373844
2 0.6672531470365954
1 0.8964223256407116
2 0.797391423146366
1 0.7707272385932163
2 0.6352034971515789
2 0.31744430181504546
2 0.3807639548991885
1 2.0027136778108936
2 0.7484316208999101
1 0.42946686553999097
2 0.5814043586161016
2 0.775972874501401
2 1.5277070609235983
2 1.3857152796806385
1 1.0731083499545304
2 0.9423576166867219
2 2.475063288477304
1 0.6703249727619348
2 0.7906500384159292
2 0.700295605685649
2 0.44607480313671644
2 0.37567760082438545
2 0.9737922950936555
2 0.6327549467944715
2 1.8368562328114382
2 0.5420426681587924
2 2.4043391512500896
2 1.1262615095677608
1 1.0951085312126678
2 0.57640800061258
1 0.2018125771932644
1 1.4942144356036031
2 0.9154425104335153
2 0.7888983667163373
2 0.3105821157198363
2 1.9726990777617872
2 2.9925731403336773
2 0.5845433108892222
1 0.792935631559754
2 0.867562238374484
2 0.5380984020223667
2 0.7477181437174301
1 1.8324068636625548
2 0.9859024925629121
2 3.7801462631086467
2 1.726290354080508
1 0.5036654759518533
2 1.182953045011036
1 1.8249877747691272
2 2.8103203812367763
1 0.47025611039465126
2 1.2899613155524585
2 2.4361935266745385
2 1.3010764753651578
2 0.476485204377422
2 0.7834160203693943
2 1.6920938125504175
2 0.4354267351249064
1 0.4080971162099761
2 1.070375956994808
2 1.2967669545154694
1 0.21294070956348063
1 1.1114236070315284
2 1.6245742397086447
2 0.5953440982623541
1 0.492523972021735
2 0.7324182924868212
2 0.49542771842908667
1 1.381576026115556
2 0.9314347060235056
2 0.7260162090819932
2 0.2326920800837242
2 1.4554592485546114
2 1.1520270025869153
2 0.9849663183245976
2 0.4556264881747906
2 0.8533074676267938
2 1.070356682561382
2 0.5654411690561976
1 0.7237005309521304
2 1.5360181789877752
2 0.6342996533160454
1 1.4498277769085486
2 0.8104233610974143
2 1.855298682598782
2 0.7273046795600361
1 0.3786058100869088
1 0.551630020500999
2 1.2667064782778152
2 4.134055103723005
2 2.5277713339180217
2 0.9253471837646202
1 0.7653145322846535
2 0.2021324698167581
1 0.32010671620317294
2 0.9956522397558975
2 0.8418457458821693
2 0.8544384541603803
2 1.0722278255976705
2 0.4618604675837667
2 1.4234995701243678
2 1.2706793735900843
2 0.8106817788130631
1 0.8354904639696418
2 1.8241343289535479
2 0.3358349739212179
2 1.6314652722317329
2 1.1307698164119018
1 0.5092775958493176
2 0.8457490277262816
2 0.9757361498771576
2 0.5656884607295055
2 1.5018285692422484
1 0.6727335571513667
2 4.089472206320306
1 1.4230457929069569
2 0.5539580672091696
1 0.7147177708896958
2 0.6924298312538691
2 0.743689123705898
2 0.46621232400983587
1 0.5184250278449207
2 0.2029141938143347
2 0.4738621953200941
2 0.3537951172287572
1 0.8268044325470757
2 1.53190724913698
2 0.7661339132650572
2 0.7130920964156767
2 1.1856172925131714
2 0.4545256252435147
2 1.012792654157216
2 0.6883920235027622
1 1.5563115512495327
2 0.839795584528347
2 0.1181230784081737
2 0.6854620547405142
1 1.0796576746033602
1 1.5081737485971975
2 0.7609774129103816
2 0.23840820724148665
1 1.3156601873953488
2 0.32806223839663823
1 0.7907919828067668
1 2.1009693749357905
1 0.9529067327039855
1 0.942994536650713
2 0.363256622764256
1 0.5571868073502059
1 1.4138010760299955
2 1.0671541717491124
2 0.8768206211456241
2 0.7900326792079485
1 2.301899741596257
1 0.5701426629436593
2 0.5855409485440591
2 1.6766809189300924
1 1.4042737357862793
1 0.6790776067354282
2 0.41479768860913924
1 1.7521046358482504
2 1.0721369656343558
2 0.49828900353020844
1 0.344818424132863
1 0.5764108505913803
1 1.0409639574062532
1 0.6748025721773943
1 0.7322939680826659
1 1.406369888586418
2 1.3142638723616835
1 0.3652229806570977
2 0.7394766321414369
1 2.690706799394949
1 0.9698592439666447
2 0.7618172331157582
2 1.7975413337832786
1 0.9781810346189761
1 1.2148204620845602
2 0.25243314595789546
2 0.4418424508198102
2 0.7170083607674447
2 0.38082752261459585
1 1.3735513905634105
1 0.6223503851838413
1 0.6367387638245156
2 0.6664950020821458
1 0.8221068572832436
1 1.232722796655069
2 0.40636472567600307
2 1.6077593859716124
1 1.6431276115552194
1 0.6844405495043558
2 1.5251102086565886
2 0.15683225872229556
2 0.6518147823743466
2 1.0369884746688842
2 0.6798107337417036
1 2.0305470414397386
1 1.3598511748335895
2 1.1617347574700823
1 0.6203911042853282
2 0.4238048306725884
1 0.6352795664840616
2 1.1149090259222354
1 0.40467575049685317
1 0.5141849506983504
2 1.4773284259274198
1 1.0681347536339145
1 0.27872303270382687
1 0.36759738820704485
1 1.7971129932331578
1 1.105556104760637
1 1.4136217186593312
2 0.7757439422113734
2 1.3412103529826482
2 0.6841554356307791
1 0.6109600051934331
2 0.9069154579429942
1 0.8349489398573623
1 2.3577289979647578
1 0.48143917558588595
2 1.2884687403009762
1 0.5809352291928526
1 2.024510611962484
2 1.4809615731442591
1 0.6756312241573057
1 0.5648088322809176
2 1.0898584446402315
1 1.0060445917249004
2 1.5001088292066416
1 0.840469504138036
2 1.5654994165087672
2 0.7320150016621437
2 1.5335410960812053
2 0.2396426958535905
1 0.2691255697749964
1 1.0986692177636945
2 1.5430242369082356
1 0.5567798424962546
1 0.9853094943404401
1 0.315466083797732
1 0.5540096496173456
1 1.0818795588223036
1 1.7053140495365582
1 0.8665210484346009
2 0.5532259585018892
2 0.23492223568936596
1 0.7014155426555918
1 0.7078910315451603
1 0.40516427951990924
2 0.7282281865424202
1 1.049197961285643
1 0.41214923748487514
1 0.45261164905107654
1 0.9440541476375622
2 2.4489183248932966
2 1.1393901243949451
2 1.2706279193091605
2 1.0485452762541676
1 0.7881182090337701
2 0.8410002456813914
2 1.3937487219644156
2 0.9471124621462446
1 0.7168383513916726
1 0.8758742041960569
2 1.7928739310402726
1 0.6205326732373833
1 2.106565633426129
2 0.5227858271564774
2 1.6856636234928557
1 2.2574359569011344
1 0.74713478345456
2 1.7974196499293305
1 0.6945490957773187
2 0.6594242603195087
2 2.6554374303776807
1 1.0762929059178135
2 3.1279340496882324
1 0.6725834192672806
1 2.0100087290710413
1 0.7043772147104627
2 2.6948904995753336
2 1.782505661731579
2 1.1475204332950955
2 1.6939901292906487
2 0.5240960720288903
1 0.8361021393655038
2 1.88785169153136
2 0.8491599704503007
1 1.485995186508374
2 1.5301203283913256
1 0.6318015849520693
2 0.835079661598565
1 0.9485891588659079
1 1.16902307476725
2 2.083121770026091
2 3.4087547353921632
2 0.21625674912264337
2 1.9232193564667142
1 0.28586286976059627
2 1.1804302588398579
1 0.8415178474902602
2 2.5923149061757127
2 0.69203369147537
2 1.3352630871890754
2 1.0024769096317927
1 1.5281575113304315
1 0.3614669868949097
2 1.647255261232095
2 1.0158848157309348
2 1.2799883456851422
2 2.1120488155664603
1 1.38426422652968
2 0.535293061845769
2 0.6879372113747022
1 0.7022250975235385
2 2.693297384326721
1 0.9946951069685951
2 3.524747779374437
2 3.095093293093164
1 1.9182329416136163
1 0.4889768008608915
2 1.2682895615973475
1 1.6617005645562337
1 1.3899855480549337
2 0.4565176537173002
2 0.5589837843754244
1 3.2088882423048584
2 0.6150956884537045
2 1.1688731378314337
1 0.7923698463562953
1 0.37872700185745894
2 0.5689491271873856
2 0.9344468807606633
2 0.846795977264375
1 3.7522738796894743
1 0.6306368147424336
1 0.4213294696338802
2 0.4136361834972598
2 1.2974751899116028
1 1.1682751217185807
2 0.9006441356996362
1 0.4494733487501744
1 2.6073330939264756
1 1.1120489335274113
2 0.7458513826822528
2 1.136507852635803
1 0.6579418345159583
1 0.93533253389906
1 0.5461079597151334
2 0.7750144618796969
1 0.8839253421974471
1 0.5490122669924656
1 0.8034689699239776
1 1.0981514825972751
2 0.40687684627534365
2 0.639776316990386
2 1.2745806809472564
2 0.9373918706964248
1 1.0690780550747467
2 1.230360124015156
1 1.1550947526345325
2 0.7915620283184283
2 1.878399492160871
2 0.6553022414078893
2 1.9925397681581374
2 0.7841416217828028
2 1.0536851538297312
1 0.2543678565493904
1 0.31649729199244664
2 1.694550128127925
1 1.2686644726988214
1 0.7624534294632141
2 0.9191918791101452
1 0.6503669279598502
2 1.7442620851665362
2 1.1355096426733455
1 0.7157335986207384
2 0.7273144108775511
2 0.8947108657969965
2 0.42779432921334687
1 0.9115866815159012
2 0.603348288251285
1 0.5842964640319778
2 0.39291179410587407
2 0.670469185915264
2 0.981948632302654
2 0.7175359759659744
1 0.5969980693059689
2 0.9081325548639394
1 0.9835597866399598
2 0.6070121510123676
2 0.7331770685520796
2 0.1438873136464533
1 0.829911375919142
2 0.7494435308762175
2 0.9535677892925951
2 0.4520446200399547
1 1.3683361477640013
1 2.9806367169458277
1 0.5645973748512583
1 2.399077587101917
1 0.9448476836979055
2 0.7548737612467274
1 1.601076824621492
2 0.3644583650053859
2 3.6880927642473176
1 0.7349557469502312
2 0.33138538298217907
1 0.5807900155390876
1 0.6681033137479169
2 0.6897736426027704
1 0.8771994210622346
2 0.717752712068097
2 1.5984761933024576
1 0.5553755401453305
2 0.34584061482819095
2 1.409156268805994
2 0.9548200425718746
1 0.503489619430084
2 0.6987142552414973
2 2.0032921900673593
2 0.8256574633831266
2 0.18340633760419778
2 0.6196825602454772
2 0.5375041998999516
2 0.6542740963834922
2 0.4761042740049533
1 1.090688835534521
2 0.9095549901795673
2 1.2586032641455724
2 0.9220023981678593
1 0.7231401677033481
2 0.8568620840942547
1 0.5093554409339908
1 1.0585314132167976
1 1.261604058279473
2 0.3422166255099732
1 1.3322250610621282
2 0.4737359798143437
1 0.8602222259193085
2 1.4727598631523982
1 0.5399714209525053
2 0.8232986014135564
1 1.6699672546167907
2 0.7048994780475922
2 0.8945098916394683
1 0.21828138183975032
2 0.5498297979802795
2 2.8959494816375666
1 1.10922765926067
2 0.7091268459573778
1 1.3505076549682185
1 0.5930414651306791
2 0.26465886957637624
2 1.4089718432677123
2 0.6514101819075064
2 0.6536768141365709
2 0.8058061844596823
2 1.2590751909993276
1 0.8096634759260926
1 1.0291335309989897
2 1.0018175849386208
1 0.7023657175595749
1 0.9218009912927954
2 1.740204585487772
1 1.9709345261702587
1 1.1034521332252778
2 0.5744840249083275
2 0.9459695680492252
1 1.0223778552177059
2 0.5055854775490826
2 0.585693041463939
2 0.7727749040310588
1 2.1947866322357465
1 0.8232179714169452
2 0.97987999190321
1 1.1616991576060882
2 0.9032990340594316
1 0.8965590349783531
2 0.9343710421748825
1 0.922792924899976
2 0.7649281820192314
1 1.0346214955344286
1 1.0956500340618742
2 1.3201954954743462
1 1.012307233861422
2 2.122998292949596
1 0.6880665323675895
1 0.7035420458197523
2 1.1753940997641494
2 0.735365964608316
1 2.1970186558899774
2 0.9270759049453479
2 0.28481387516823703
2 0.8154231511013594
1 0.7731131806926439
1 0.791307604092397
2 0.7534297328784931
1 0.7453863484863416
2 0.6751380107915825
1 0.552647357015597
1 0.763595296498859
1 0.7296691876979724
2 0.7285045421203147
2 1.5775084230799281
2 0.8224663115050972
2 0.34989528679317455
1 0.3933177714353711
2 0.3291779105663128
1 0.6795737169440196
2 1.2540130708364707
1 0.6688681118580744
2 0.4918856800935355
1 1.1407132110668847
1 1.0273764457529626
2 2.3500782130409323
2 0.5600971317748945
1 0.7369349620012015
2 0.7959526614025545
1 0.36647596133181615
