average displacement: 0.8584174006836833 A
simulation time: 10 ps

Type    Displacement

1 0.9452707332013792
1 1.3238597152683877
1 0.8572850695282764
2 0.7749339020954663
1 0.582267082662321
1 0.8506422305983793
1 0.696046399298039
1 2.456491355551738
1 0.25812404482388035
2 0.32782042198113975
2 0.23503153867760884
2 0.49683657270295617
2 0.8551357550545335
1 1.0890273511766102
2 0.43108700376581194
2 1.7700563941981609
2 0.8997145590399188
2 0.8318709318210142
1 0.6616392313476122
2 0.9761579459076379
2 0.37813956269720667
2 0.5971314723671906
2 1.2507131329552954
2 2.656285803327076
2 0.2219419409364783
2 0.7097077505494912
2 1.019528468175973
2 0.8756296790143767
2 1.1361469687526589
2 0.2663742497714762
2 1.4786434525377865
2 0.8992729749727226
1 1.130878280134983
2 0.9853602775540573
2 1.313344751839298
1 1.2663195448224402
2 0.6617859271755617
2 0.38141597011169565
2 0.12196486533532575
2 0.6379124447275675
1 0.5937866761617333
2 1.050221467143898
2 1.39519801850191
2 0.44191534015449124
2 0.7515939961056605
2 0.19961676582228496
1 0.787202291059684
1 0.6349711242687723
2 1.6614880402574428
1 0.7326005162655552
1 1.0062431264726308
1 0.9151755447117731
2 1.9013792812179455
1 0.4337562917491286
2 1.1761067194861512
2 0.8444762883128356
2 0.20365875304458447
2 1.0859789002028852
2 0.308477499667877
2 0.37138219435464215
1 1.0789355308898412
1 0.5400106811590657
1 0.5787837443864577
2 0.8453791607462626
2 0.9367258549584455
1 0.811850386010314
1 0.8389701447448176
2 0.5281119796318389
2 0.8675135237272583
2 0.8526051194035257
1 0.45743927058978656
2 0.8569860142496113
2 1.0587198870469599
2 0.8362478176917183
2 1.1137877553639346
1 0.5877945799573622
2 0.9672818132871353
1 1.007808072943609
2 0.8251120091515474
1 0.6783707441431462
1 0.8894941794421836
2 0.40756839158573843
2 0.5062574027345296
1 0.47097287053314774
2 0.5842696735732134
2 2.31888507145309
1 1.750273672188628
2 0.4978080000384326
2 1.2937135997583438
2 1.1303257649256138
1 0.7172897398367747
1 0.6857629091688099
1 0.48786329527844285
1 1.6795354584883975
1 0.8007762953463284
1 0.619617018687791
2 0.8149921507349348
2 1.0118890113432495
1 0.8035558366091734
1 0.573217160941207
1 1.3867028586380723
1 0.7288726357993858
2 0.7318110330600553
1 0.5163157839560033
1 0.8414297517910004
2 0.9048449974761127
1 0.774913741930821
2 0.504134864259135
2 0.4216230911844817
2 0.661796638509513
1 0.6424412859015284
1 1.0114483925589457
2 1.1642400956297476
1 1.5169097084291068
2 0.9365359999684407
1 0.9756511178904103
1 0.4003528501639735
2 0.6008752041308422
2 0.992891652072154
2 0.705107204496536
2 0.8599310983446053
1 0.2607178440322087
2 0.7064386041526194
2 0.6682872234142383
2 0.7081037648822692
2 0.9353791282628972
2 2.0418418916773446
2 0.9795309507497432
2 0.7500508362164622
1 0.46327664706065574
2 0.26964212249135916
2 1.0316474471686747
2 0.6925219405071795
1 0.6115358459439275
2 0.7885308645434601
1 0.7521895553847704
1 0.45130035439961
1 1.5418278753173653
2 0.8342314759881032
2 1.3834831099100726
1 0.5425837136880156
2 1.030967032116528
2 1.05922590903097
2 1.0698845423390255
1 0.9702759687816714
1 1.3438336655750738
2 0.2938448199263506
2 0.3954874673999551
2 1.6210571813000443
1 0.5366654247039422
2 1.0139906491488617
2 0.900677476814954
2 0.5936185005227993
1 0.985341143495554
1 0.652487396969942
2 0.9853222073546504
1 1.0500961790860908
2 1.4980365437588081
2 0.32493675333881195
2 1.7687593536482078
2 0.7629018837324768
2 1.0262128782418178
1 0.6341338870565864
2 0.43329632080991115
2 0.7710841906577343
1 0.34625984013591826
1 0.5230302192808136
2 0.9188049277597993
1 0.5084828034567881
1 1.1278001307661778
2 0.7002036384944668
1 0.8302406078234527
1 0.6004038070924186
1 1.3607455699785
2 1.014856691947358
1 0.529974022272914
1 0.21889091593681098
2 1.5192920940062475
2 1.0120133010982544
2 0.7353481813391634
2 0.8463225933500618
2 0.6207554665462933
1 0.6188259217332592
2 0.9010722035694841
1 0.9594495057221711
1 0.6373804149773371
2 0.5816664775741419
1 0.3617297048934322
2 1.146788170377912
1 2.5129104439063914
1 0.5427103928773301
2 1.8252525043763284
1 0.8747014570982989
1 0.867811226720487
1 0.4923979505989278
2 1.2467875573862777
2 0.6885988338959135
2 1.5597987158323192
2 1.09518108445062
2 0.696932134881475
2 0.8495513831282011
2 0.7081127519662084
1 0.8860268468869031
1 1.0080805706630083
2 0.6371142151426964
2 1.675670413896915
2 0.6990780236186382
2 2.3375938722051663
1 0.5407986747800496
2 0.6995937268428939
2 0.23567898044239494
1 0.7467271432050405
2 0.7751990038806945
2 1.055724451849487
2 0.6254148119888147
2 0.3541349986319082
1 0.5761744522910425
2 1.2861652665799896
1 0.5113343606682317
1 0.7315805910087995
2 1.0131810855583978
1 0.847074954776787
1 0.7475187797223171
2 0.355738054881296
1 0.29296362948661003
2 1.9066940385470943
2 0.9534730990971868
2 0.8188077695056665
2 1.3856506072627859
1 0.43208090366255086
2 0.8687245657348264
1 0.9440620102213845
2 1.3344519497946858
2 0.8570747503209093
1 1.9317171569171194
2 1.0232180566093512
2 0.7037495822605894
2 0.7250755015303401
1 0.9391275962302386
1 1.495490014581554
2 0.5924901314894429
2 0.6152155238838322
2 0.28408580296228186
1 0.6489025217642654
1 0.2580860757828036
1 0.6930252543158231
1 0.7839975196455138
1 0.9171509505066353
2 1.447457954393823
1 0.2734081058423846
1 0.6158644695557117
1 1.1866663830666644
2 1.3228479612656912
1 1.437824153118244
1 0.5214859310176438
2 2.161220883596993
2 2.8731178331372753
1 0.5711423970479991
2 0.6728299356656916
2 3.5954799681341814
2 0.2976402493936754
1 0.9681850406420125
1 1.5135357212388054
2 0.922558314057237
2 0.6067621274402971
1 0.8913710977060784
2 0.8491375399401847
1 0.773412595120268
1 1.1849872328420266
1 0.3871896119330924
2 0.9814242854440959
1 0.8734719537931847
2 0.6604754929065143
2 0.5717105433446407
2 0.6627037512467195
1 0.7799276586891062
1 0.686862078877782
1 1.1207715520229806
1 0.24158222101772747
1 0.5184805906401523
1 0.914472181816922
1 1.0651893041962073
1 1.3667379725788482
2 1.0753278990240391
1 0.4575971515078157
2 1.119524441154086
2 0.060525178623490085
1 0.9770197148839468
1 0.9222452453728444
2 0.17406712899616253
1 0.19809435024441074
1 0.9924331830000164
2 0.821362748602935
2 0.8888603070128017
1 1.3938231270214374
1 1.573973860364051
1 0.6234505294859055
2 0.33007255444440237
2 0.2584638665550117
2 0.9698464897711669
1 0.6262173180789683
2 1.0685937400187018
2 0.928653742114289
1 1.1425048019453683
1 0.8055894694550662
1 1.4873704309573044
2 0.5293683058822006
2 0.4253626738528833
2 1.094347245806427
2 0.8720382580785732
1 0.746058549855462
1 0.8076183564529068
1 0.7061495109099006
1 0.8829950540598824
1 0.10099052106166102
2 0.7736636060736222
2 1.1033498842306162
1 0.5856990982607491
1 0.9056296231299649
2 0.3933262991917343
1 0.8617153358624839
2 1.1060930109595108
1 1.3163350654216328
2 0.6236562285670771
1 0.31558877996502704
1 1.2298474905998853
1 0.8924196348142575
1 1.1070799618645704
2 1.021690711677684
2 1.0248080325424358
1 0.5083664234999417
1 0.6601806572924368
1 1.2402526188189784
2 1.0499410302120324
2 1.1172260093196646
1 1.0690191448326825
1 0.6357895276353828
1 0.5533194602674065
2 0.5099770600762951
2 1.0129397659426045
2 0.9935836307614415
2 0.8695561668024231
2 0.3656448668429331
2 1.0106882821432817
1 1.1250151360534824
2 0.2711576871898417
1 0.6827896448726466
2 0.5929347431153288
2 0.9525789591510807
1 0.7458584993958804
1 0.8705958996365206
1 1.3796365054340671
1 0.5187269328625929
2 0.9283560517987307
1 0.37818965992830644
2 0.7406072083660507
2 0.4012460189432869
1 0.702176814763395
1 0.91044788667185
1 0.5996223203789087
2 0.7841239782102334
2 0.6114304359102207
2 1.0885329488336297
2 0.42627166922316356
2 0.9538929335950423
1 0.7019308504053209
1 0.36630389087235166
2 1.5121053301785163
1 1.313327379630818
2 0.7688481558246937
2 0.8304121305546621
2 4.195413977223219
2 0.6663282393381333
1 1.450155848664471
1 0.10055759774291541
1 0.9411563709743553
2 1.096347378880207
1 0.26282300085176225
2 0.9533725474066276
2 0.8875013945362443
1 1.2185244467098457
2 2.68341227981403
1 0.7700376087898035
2 1.205840224815888
1 0.9421318709818389
1 0.9413316768469734
2 0.995750323637048
2 0.5647157564515496
2 0.3911366289556148
1 0.8407834866468341
2 1.0247266498480843
2 0.6416535728297419
1 0.3407526570754542
1 0.7390090165866824
2 2.328954522494015
2 0.7311949473327751
1 0.35816055477274367
2 0.440852400658434
2 1.7501836054922226
2 0.8364935986275652
2 1.000387796269617
2 0.6696913811770921
1 0.439518309967739
2 0.7598644370802039
1 0.499683997693335
1 0.43786457292497516
2 1.19926328884556
1 1.6976255565672353
2 0.38732087658906234
1 0.9181197412553737
2 0.9130171860717743
2 0.7103567688103047
2 0.8118099648689492
2 0.5370625902227552
2 1.214614652686114
2 1.577439123597722
2 1.514427481034966
1 0.8388555790732253
1 0.31629791265543133
2 0.7317159821253002
2 0.6919616444642922
2 0.3558209437441303
1 0.49831650989980686
2 0.3604180897097801
1 1.4815600503320647
2 0.9936533356937127
1 0.9442748290553262
2 0.5562783722666887
1 0.40170553933005954
2 0.5607612194560339
2 2.8515234611045703
2 0.32576619930214035
2 0.6156090989261901
2 0.7325750503097547
1 0.2816495062368901
1 1.5682872656637263
2 0.6742467962556971
2 0.791400165969462
2 1.0726253943954422
2 0.9020117620067583
2 0.5072620290183886
1 0.730740784507793
1 1.0826386066559055
2 1.0247094496542666
2 0.4681353704847772
2 0.637141233050712
1 0.9912951294039143
2 0.5762608969336868
1 0.8260191394426432
2 0.15365576883345752
2 0.9732897137153796
1 1.0474295551358719
1 0.5407319650375226
2 1.4828370188596662
2 1.4355953653590425
1 0.5086303547998183
1 0.4824689558540794
2 1.3077800470316991
1 0.7555264644392631
2 0.3901766200191482
2 0.658891557386707
1 0.6063319792691968
2 0.4090604248959724
2 1.0861682010572995
2 1.2534815668097397
2 0.9276531515814859
1 0.8586386646681895
2 0.7556146189019503
2 0.9412575445589065
1 0.6711418357566653
2 0.9769983860809099
2 0.4763038542490277
1 0.7433645590252824
2 0.9304807738746869
1 0.8049777052225474
2 0.5526596880683552
1 0.9130151360988307
2 0.5337251146454556
1 0.6237392929873975
2 0.14297196884709445
1 0.5433047175047497
2 0.9664191350058526
1 1.026137158021578
2 0.9467153721719564
2 0.889121114474381
2 0.9779872731591213
1 0.5979907649289087
2 1.0720308838096895
1 0.42702213773132447
1 0.6631569723638648
2 0.8416214775493452
2 0.923525714647651
1 0.693173005101337
1 0.7137246800278572
1 0.4602323940784932
2 1.296411290594913
2 0.8608469539939416
2 0.3326731899554113
2 0.5971042774199475
1 1.30890624383642
2 0.8648047055794549
2 0.5062072446497354
1 0.5790289669466906
2 0.5478338169386453
1 2.27842215447681
1 0.5598650578012656
1 0.5707253099202235
1 1.6637599563668615
1 1.114595880839371
2 0.8510914937108887
2 0.7743622711306865
2 0.7349986698110228
2 0.3084715294466253
2 0.6949196780777928
2 0.33885602017643096
2 0.863408593418696
2 0.9437825359129051
2 0.41176103350622645
2 0.8457124018179264
1 0.8620627707680609
2 0.9507236578978444
1 0.9134324503386463
1 0.4334683999469026
1 0.38374681651504494
2 0.6360617792878445
1 1.7097637568856188
1 0.41236563581837704
1 0.9516821998820094
2 1.1379725362522857
2 0.8015308151895848
2 0.47285508241037033
1 0.9929446265987757
1 0.5897619521192556
1 0.2609593707741802
1 0.7607179528537844
2 0.8048048111853797
2 0.36737084063143444
2 1.8525303988515098
1 0.8182946593666435
1 1.4558476284833144
1 0.41760112395381593
2 0.8038050699203336
1 0.9936792726129188
1 0.9668360632156627
2 1.030390241915614
2 1.2267548130306467
1 1.0380049618117368
2 0.5596824588231032
1 0.39323150997016393
2 0.44672136261719564
2 0.34413637969645045
2 0.9320741658282514
2 1.1851280711368086
1 0.3702742067596972
2 0.8660176591936561
1 0.6060432495578405
2 0.9122047408186754
2 1.0735922227545254
1 1.20078581960651
1 1.0860581200440775
1 0.6367540733792434
2 0.25147774595363354
1 0.28479674582195996
2 0.2808288627005682
2 1.1812151418621124
1 1.4877939122315706
2 0.40238990071610686
1 0.5923348108123413
2 1.4260921143635161
1 0.9367403494771586
1 0.5655460471365553
1 0.821086010623308
2 0.4539560352595339
2 0.9838386006036121
2 0.7143999129707604
1 0.5870743426551231
1 0.8248319167168778
2 0.5821524750004086
2 0.8484680373079375
1 0.9059329846376839
1 1.0747308152682316
1 0.37212071824164517
2 0.5472215996540859
1 0.6050249579326834
2 0.5851911422140342
2 0.8897557465767991
1 0.891152152774593
2 0.5327285163727132
2 1.029750405118361
2 1.2262637653698134
1 1.6824105960615425
2 0.42504875907428613
2 0.7052884185976654
1 0.5401919414791063
1 0.8361676316336157
2 0.42214896367583066
1 0.606067836700742
2 3.1228385432312473
2 0.8555389956585688
2 1.7238687277282931
1 0.6322459018662863
2 0.6347171715782552
1 0.26549730166041896
1 0.9259493573029741
2 0.4848368032201726
1 3.1879277575556975
1 0.9781792780556487
1 0.6842814422915496
2 1.5937267891655182
1 0.3034480672364754
1 0.6051924899179317
1 0.900755181188277
2 0.8296330150949953
2 0.34933913861824495
1 0.86034607652251
2 0.5345196486973965
1 0.5638959286698194
2 0.7123928490085598
1 0.7656041651895514
2 0.5502996595201053
1 0.9049537009157064
1 1.0250465887335487
2 0.973253467596918
2 0.8074552057758799
1 1.1258068747565018
2 0.5235758470493234
1 0.8918613122475041
2 0.7091605615678148
2 1.0601129353137884
2 0.22397936476134536
2 1.3182594165007944
1 0.6620784345316539
1 0.8141940002998532
2 0.3843137794896408
1 0.8249724266895067
1 1.477347590036752
1 0.9115744166722943
1 0.5308985451709985
1 0.4110919856885737
2 0.8273659157704826
2 0.765397435386799
2 1.117852937088171
2 0.6274643879815693
2 0.3340433892507928
2 1.412969315625377
1 0.681532895666876
2 0.2854160922170578
1 0.6324709428270281
2 0.8145472887592977
1 0.643993431996112
2 0.8420727258446152
2 2.5372352397429214
1 0.981480431482537
2 0.8836444021612752
1 0.6478676644748517
2 1.0549434522557666
1 0.7096733048071248
1 0.6700857542429569
2 1.1763345708922817
1 0.26273344833644374
1 0.681288719491456
1 2.2580230483058763
1 0.6837003644609522
1 1.2223294902405897
2 0.5764291489871413
2 1.4344867992048465
2 0.7213869071297158
1 1.5679969899665804
1 0.21467105278750975
1 0.8494632233446768
1 0.39455825979699527
1 0.8076423275077608
2 0.7966462354963211
2 1.0930991890556874
2 0.7333177612585405
2 0.7419173949813238
1 1.1514506705186205
2 0.6229786110517714
2 0.9992963298478951
2 0.7479504885049764
2 0.44495783945471384
1 0.5056776994071642
2 2.092266594024846
1 0.7254139562190056
2 0.7165380329464077
1 0.8213486086811012
2 1.1217428914644738
1 0.4609424591333952
2 0.5676609542931051
2 1.1871929358051678
2 1.265871006128499
2 0.5607721396471249
2 2.0976587306819487
1 1.906201568648999
1 0.971078514990383
2 0.834883163594731
1 1.2216067071634618
2 0.6468830325536532
2 0.3781193385043468
1 0.40385072106043907
2 0.6585524539116504
1 0.20604586528090788
1 0.8187296055909277
2 1.0180177622876068
2 0.5863429960190221
2 0.44476360565564027
1 1.0038375385029163
1 0.8724252061613263
1 0.7154680768983096
2 0.5621932895669725
1 1.1037599433913352
1 0.6138136558323927
2 0.9166347924934891
1 0.8328247298492699
2 2.5665329041675333
2 0.3026762746967588
1 0.9252553464269763
2 0.9073058396824143
2 0.46343136053306755
2 0.2722058239887686
2 0.41037457951949624
2 0.901690250469398
1 0.34372599425051087
2 0.8745599885901916
1 1.0754828251388246
2 0.8242880910252096
2 1.1946055540099019
1 1.1232397626682695
1 0.8023126772778527
1 1.0119451617463553
1 0.10487685229012993
1 0.5066788852904808
2 2.8060523653248497
2 1.8856920177468917
2 0.5903694445817884
2 0.9502219862619461
2 1.5319010847837102
2 0.3971831366611396
2 0.6088565831934911
2 0.5246081737567728
2 0.46426862626308174
2 0.9137373806890241
2 1.0966909901591442
1 0.9717382109144939
1 0.586429058906646
2 0.6380090857891841
2 1.2788523478129852
1 0.6116394279250372
2 0.5919942373840692
2 0.9009551268180076
2 1.31912970435124
2 0.7777410342034954
2 0.5981552056141631
2 0.7021365988356196
2 1.1538475222532003
2 0.4387427715250561
1 0.6589885400259871
2 1.992569501934274
1 0.8381228461632035
2 0.6875007414844676
2 0.5224793955259764
2 0.3179204248420757
1 0.7659004970059488
1 0.9609602137879338
1 1.038106798442422
1 0.6534449577642831
2 0.6519499331789382
1 0.4590004422213336
2 0.1938997461268924
1 0.6487412533065869
2 0.20524473127317597
2 0.6445060343551842
1 1.818228831816368
2 0.47631614132629513
2 0.21031499490506753
1 0.29219157865658607
1 1.3132280838333554
1 0.7831787909174708
1 0.5640097791720788
2 0.8000680808722082
1 0.17723777364275842
1 0.7803793416360262
2 0.8857386130046823
2 0.7256031946971405
2 1.2104599793876751
2 0.6144346105627556
2 0.516275281135806
2 2.162177395969897
2 1.0294624342860546
2 0.2817744179134077
1 0.7370983173668819
2 0.3727041386848427
2 0.580590409352189
2 0.612690880182579
2 1.0555019085633603
2 0.8505086557972796
2 1.298441408139331
1 0.5118833049675392
1 0.969042654223164
1 1.0024348185005056
1 1.1266686169616342
2 0.7429476328228878
1 1.5518647442756475
2 0.469712735561948
2 1.0164089709564912
1 1.638305764254199
2 0.7808295178949237
2 0.41451633559928575
2 0.6475634358840613
2 0.7787663319082114
1 0.33617694471204845
1 1.207471454921753
1 0.5282664170554447
1 0.47571998345835015
2 0.674507547108613
2 0.8259335698007553
1 0.289781097398535
1 1.0004054518865222
2 1.62711961591588
2 1.0080202090101418
2 1.4947430468965675
2 0.4357880780999629
1 0.8541288166610799
1 0.3836178194261621
1 2.776103637231829
2 0.5196091169374683
1 0.8881410463047326
2 0.31698855008339677
2 0.8646139479237287
2 0.8426212532564559
1 1.2388445813977473
1 0.5411250500233062
1 0.8053791291436426
1 0.825721765300565
2 0.402700584723055
2 0.8783424487119459
2 0.3255131389042357
2 1.2152404381759496
2 0.8765833364794395
1 0.6344932217978531
1 0.965876339129181
2 1.9855986794938232
1 0.9887225098549371
2 1.5303024248659813
1 0.5156298043889569
1 0.5513499249435113
1 0.6540181042964217
2 0.3645209342164158
1 0.5244203407623157
1 0.8052239447909371
2 0.49155061775790293
1 0.9464123954169733
2 0.6569088751985058
1 0.43134966778224576
2 0.16042571984699924
1 0.8784945265569074
2 0.47260926607922715
1 0.5735525876202753
2 1.6044623994145175
2 0.5746063266761328
1 0.7670021597141874
1 1.573861096356905
1 1.1110977798470227
2 0.8669014364469478
2 0.8394735203597445
2 0.27751430140693945
1 0.5219296712380586
1 0.8261219738794731
1 1.1703501877152644
1 0.4691349083524307
1 0.41788200720348556
1 0.5924786320472538
1 0.3096744558746841
2 1.536294510631118
1 0.903906829103644
2 0.5484557452074379
1 1.5160516535548614
1 0.6039518507289565
1 1.0987888327835311
1 0.5673397659855457
1 0.800379744757275
2 0.5875908716260458
2 1.1738682928436959
2 0.3959012690194629
2 0.7626889991890325
2 0.8766511702216122
2 0.9187130107287031
2 0.8535338951647748
2 1.0124303632601763
1 0.7287449363079037
2 0.21014995187712993
1 0.39433400640832766
2 1.3438822773551675
1 0.9867218590189639
2 2.038621777473293
2 0.5724561151734979
1 0.48843329141887515
1 1.8859155296927312
2 0.650340624192442
1 2.1601324726884874
1 1.0483157800231488
2 1.218440756180506
1 1.3553907985051445
1 1.5446461855826261
2 1.5790911255137936
1 0.9675412975842367
2 0.5876796876039401
2 0.594708291409655
2 0.5241125226507215
2 0.32662113061665005
2 0.5202841433344194
2 0.41941245510332165
1 0.910341767193181
2 0.42377997588391786
1 0.715098881838717
2 0.8412099623893432
2 0.7236875055117213
1 0.7507163564492325
2 0.6244265464743967
1 0.8335318387214393
1 0.4174874617410413
1 1.2577379145085905
2 0.9334266296323787
2 1.1382896755402343
1 0.5358414466890078
2 0.3116834317673698
1 0.3787307031740851
2 1.752123050099454
1 0.5926344440891809
2 0.7718916142752238
1 0.5636864908635678
1 0.9302044752603578
1 2.6936650314735404
2 0.5459350478572765
1 0.9434121973302658
2 0.5780721360196546
2 0.37915023888096694
1 1.9856662351625074
1 0.6976946963567605
1 0.623182102481764
2 1.3503614429237438
1 1.0775089058515805
1 0.7069865546911358
1 0.8427999347351711
1 0.1197909833378471
1 2.1562613248215756
2 0.933982634754548
1 1.2094129010094585
2 0.6311749115337327
2 2.868313792754962
1 2.9694509312270814
2 1.2791677808013864
1 0.5765836764384763
1 0.8060025136533228
1 0.7735915450562834
1 0.9143822757086881
1 1.2448784489632228
2 0.6889177759623701
1 0.44935970453090446
1 0.9204915811910829
1 0.8152448910616409
1 1.5255074281271432
1 0.2113620207876736
1 1.2769384374800423
2 0.9842029761448523
2 0.3429721625761828
1 0.8912020250280972
1 0.5855097373650806
1 0.7734189065738678
1 0.7219610864310585
2 0.9473214752536314
2 0.7038774210126547
2 1.074728541691658
1 0.9477640909981455
2 0.8933179543151735
1 0.8310226892362695
1 0.6395387405230735
2 0.6920682837964899
1 1.0801163517804249
1 1.0904126864392414
2 0.7599795625235654
1 0.7090450644515497
1 1.0421853705023676
1 0.9590324760813647
2 0.7372782461005611
1 0.5875664191104302
2 1.2844250738988303
2 0.7484627890578787
2 0.16602115095792327
2 0.5031232392241721
2 0.8274868417286921
2 0.7800763307306693
1 0.6853278958460374
2 0.6915457371705795
2 0.6149543296486916
2 0.8512745502426682
1 1.772371497135981
1 0.32243779477892104
2 0.3973598495172358
1 0.5043661603695625
2 0.3193228613184388
1 0.16524893673316984
2 0.9161525766833314
2 0.4330724658254031
1 1.372115235145313
1 0.8738916135267906
2 1.0337411505952858
1 0.33010899492404994
2 0.30816792438015916
1 1.0454235874544595
1 1.031633769516524
2 0.6654947278617523
2 1.3483287421400518
1 0.44637944748036146
1 0.09484056999994066
2 0.5056420395360196
2 0.9432228733194508
1 0.6389986174485747
2 0.8278708945201688
2 1.0632461042164045
2 0.5099791994534228
1 0.6182650709208679
2 1.556145491363291
1 0.5644907547612209
2 0.6410410121011962
2 0.22939193459780632
1 0.8876871054135531
2 0.793757228223892
1 1.2069022661917048
1 0.7581860092287562
1 1.3505118084827195
2 0.7206971309457504
1 1.0164846578671762
2 1.9934657672609757
2 0.4311431967210833
1 1.3710000649370522
2 0.8043376252437706
2 0.3662014230453065
1 1.7110220140320367
2 0.26584054140081637
2 1.4750304188542083
2 0.6998218348700929
2 0.7190360622709357
2 0.3482748129264779
2 0.48102463595928846
1 1.6125143530267831
1 0.9881722134346351
2 0.8544931775992188
1 1.0908226472987888
1 0.8869079843557626
1 0.5405409059864463
2 0.31320637310383037
2 1.2052767373929931
2 2.474765362343946
2 1.4450973481932483
2 0.6528085457196915
2 0.5550981746533077
1 0.4317708795738059
2 0.8819689164116141
2 0.598626508781486
1 1.2733779753967611
2 0.855470745713437
2 0.411979218986901
2 0.8394388507749939
2 0.9954622820016934
1 1.0323526418341713
2 0.6256089720087132
1 1.3949694221835038
1 2.775685538701958
2 1.0851537420741348
1 0.47653027509098145
1 1.0005504744270741
2 1.242488327933667
2 0.551509202661558
2 0.5077763620315632
2 1.8293844788833675
1 0.7964782782669665
1 0.40456499144100694
1 0.582287663869902
1 1.0615404295138273
2 1.046532358877244
2 0.8973100868200068
1 0.2246529058298449
2 0.6413400629320414
2 0.6654437415007449
2 0.46545521291165814
1 0.3887213027490901
2 0.2851755864812217
1 0.9889795193262565
2 0.5208711814381072
1 0.285598591195237
2 1.079670747471209
2 1.0388800307693642
2 0.40084020335251724
2 1.2529922599553835
2 0.640139240452376
2 0.5319636292379777
2 0.6383001292927779
2 0.6193750098438552
2 0.48206405732538604
1 0.7712367320432195
2 0.3248957663802967
1 3.72160574128684
1 0.9892176379743092
1 1.3976778337360212
2 0.5000444317076621
1 0.7256136554400365
1 0.9271922796587689
1 0.982198179815408
2 0.7654319541930811
2 0.5257801445678664
2 0.6449740316279581
1 0.30556462703799925
2 1.2786455056576582
1 0.7742063348760999
2 0.4987061867750789
2 0.9237982080568884
2 0.4517979230241216
2 1.22406184421876
1 0.5701997967651192
2 0.7264906738779239
2 0.7399007172344488
1 0.6947438091390686
2 0.39690522603027106
1 1.101535420664645
1 0.5206125113989986
2 0.3923243672557968
1 1.0176998021777648
1 0.6631068511411196
1 0.3316760822064835
1 1.0868782186720793
2 0.631250355006693
2 1.2103039928950707
1 0.8949933433730511
1 0.730926553463564
2 1.088347338754088
1 0.5495102106554405
2 1.0883854080734507
1 1.712898148162225
1 0.8352384801821394
2 0.18327956127921638
2 1.086903621979903
2 0.9656456081296877
2 0.7189338568098602
2 0.36632117505718514
2 3.5995043298208516
1 0.7063612326337423
2 2.273706080101479
2 0.5030338793407252
2 1.4153367604598723
1 0.9996756973064701
2 0.5035462115765484
1 0.9631571367602046
1 0.6435297063818355
2 0.6111613832314118
1 0.4093477345417792
2 0.6604864415077154
2 0.7830184290620928
1 0.7846973137474372
1 0.6525628326183144
1 0.2728885606678515
2 0.7472041016728121
2 2.4984968595894617
2 0.19953248931514975
1 0.7373200474317367
1 0.9332530862541363
1 0.5778825510234963
1 0.5119377450707927
2 1.117427855073419
1 0.6317984774672384
1 0.9687592827860273
2 0.6490023180250135
2 0.7977933744171943
2 1.288765497374156
1 1.0055557785162146
2 0.8802646497853729
1 1.4424037248090082
1 1.0009063591190102
1 0.6640261677683977
2 0.891210274045225
2 2.318411997435137
2 1.5518335650251511
2 0.8979437376139247
1 0.5200285265576357
2 0.6543984633665673
2 0.994652643454304
2 0.18772373903308756
2 0.7298777946146264
2 0.682603083841746
1 1.0704620722687932
2 0.3138642405728662
1 0.8283091784821143
1 1.4522772315773516
1 1.1512303768107977
2 0.563539510144028
1 0.5484381421826475
2 0.9433075484508855
1 0.9813830482281368
1 0.6253677305525742
1 0.9860981915008042
2 0.712716597291137
1 0.5534609937913381
2 0.7163227292030191
2 0.4992422901926106
2 1.2795497600613526
2 0.30167625776914336
2 1.078413578458031
2 0.823619922649943
1 0.5844015826129927
2 0.8970528099876269
1 1.1098106730962825
1 0.570670922368315
1 0.5130382751303668
1 1.173743358318266
2 0.4010507728856678
2 1.3204163710378123
2 1.000427163820781
2 1.5350967050413011
2 0.5075699896049488
1 0.9366489792886293
1 0.3654723284877832
2 0.7083458267875515
2 1.0201769649759798
2 1.0034834555088816
2 0.3551143263359596
2 1.0273836255431483
1 0.934581938581234
2 1.3141848433368002
1 1.968453570298889
1 1.2079550372207022
2 0.755432470125437
2 1.0195323451050224
2 0.8095188256737721
2 0.4910817806171617
2 0.4084872004724951
2 0.7342091305724574
1 1.362390038833994
2 0.7959740811962944
2 0.29210617456838045
2 0.8170364631069886
1 1.986820993844252
1 1.0747492996806653
2 0.7121790051774363
2 0.1962076745771965
1 0.4682269295218126
2 1.172684731548227
2 0.7025271500468137
2 0.9217273125403299
1 1.7496620138777537
1 0.5634411091896713
1 2.2283689511338993
2 2.6748283115773437
1 0.44433926578853067
2 0.7830150490330973
2 1.054959710568947
2 0.815422375099668
2 0.49948714758501117
2 0.357005164657438
2 0.42717833849240294
2 1.3892938138630997
2 0.7019228424040864
1 0.6923313174997294
2 0.9548539468616584
2 0.6546436663083472
2 0.5673838068390362
2 0.696208590798668
2 0.7400569479914039
2 1.1765485335643628
1 0.19115477623249716
2 1.6481951219807773
1 1.2932563269712627
1 0.3066632944322137
2 0.3123179432393374
1 2.3418650319149306
2 1.2391109253206658
2 0.7170875476340997
2 0.35667820948791007
2 0.9382482991120801
2 0.26612218112596886
1 0.47480308696841417
1 0.6220139583106608
2 0.7095803693843128
2 0.99359769320785
2 0.6451357967111909
2 0.7806613699985926
1 0.5327344338913211
2 0.7776782292470779
2 1.071453066329068
1 0.8600857759139812
2 1.13452781524794
2 0.32080884910020147
1 1.449711277113402
2 0.5517752228379574
1 0.495128739831007
2 1.0183595419269302
1 0.24256475602559766
1 0.7073978817781148
1 0.40528954690665114
2 0.6417647551773182
1 0.988725686507436
2 0.7297011206657504
2 0.26472513608501347
2 0.11488522255456035
2 1.4604002774844345
2 0.7117547636642854
2 0.9883906533707733
1 0.6052138048249983
2 0.6993260187557386
2 0.7553669660905774
2 0.577300761476145
1 0.8466244097656502
1 1.195930685537813
1 0.511405072569752
2 0.714365633291173
1 0.6030035633322312
1 0.677755802101514
2 0.8551414613349193
2 0.51015127104499
2 0.5326965712339156
1 1.1598960238047822
1 0.6983341624216073
2 0.4889324557412782
1 0.6454743199327088
1 0.8048463218259405
1 1.1155419477463655
2 1.2176096832960752
1 0.911869932404802
1 1.1177281925647318
2 1.2172478785015064
2 0.7286780700478345
1 0.3414408919109805
2 1.0013146293600068
2 0.3471604430163968
1 0.7846535173037547
2 0.32155089738335807
1 0.8818866732278123
1 1.8426886687966857
1 0.4653539463471486
2 0.7101385464118185
2 1.267428090693774
2 1.6507403395034093
2 0.4400944700985942
2 1.49249477707427
2 0.8755419070281443
2 0.7369383331729835
1 0.7027994281956965
1 0.3893589795439035
1 0.5265099744163764
1 2.7529401804661373
2 0.9541108472170504
1 0.8204394238951661
2 3.1376250644447614
1 0.7107595464405432
1 1.2339490884374023
2 1.1177506077815413
1 0.7596759075664938
2 0.6444618358360019
2 0.5226182180046078
1 1.0362327863759098
1 0.23364188223758672
1 0.7197087405731868
2 1.1975384291237618
2 0.7788312501096877
2 1.0000121603163392
2 0.5232216077979097
2 1.486974998600059
1 0.8464685647702715
1 0.6932757742620881
2 0.5621472538461572
1 0.4963043441785534
2 0.4557232183259088
2 1.5649252614460596
1 0.6010637261649641
2 0.8784678968087754
2 0.8440922051856903
2 0.39889549850337913
1 2.4446032872305197
1 0.686317506964562
1 0.263634051067021
1 0.7758719009937403
1 1.096538837197178
2 0.841762292743642
1 1.0584013317205656
1 0.3714993418942067
1 0.46873356719594644
1 0.41707506545302686
1 1.2430895573602974
1 0.7756613719924328
2 0.5952409409333147
2 0.8147453856125934
1 0.6461108731787479
2 0.46709945427730637
1 0.5575307524066495
2 1.1924171356380353
2 1.1066611277503156
2 0.18243062121551035
2 0.8664397468110017
1 0.43024877870593026
2 1.2742719453514835
2 0.6712187061066804
1 0.9100780545998958
1 1.20550641340574
2 0.4958792005935491
1 0.7155217415268169
2 0.807459285281919
2 0.430274492208678
2 0.4619573929835591
1 0.37174087242679754
1 0.787395693112751
1 1.2318351945698485
1 0.9490184358119679
1 0.6639489908929357
2 0.7062251477616021
2 0.906466050192498
2 0.5748159546409048
2 0.9810205793048419
1 0.2718113451571915
1 0.7605437214521008
2 1.1059993519218785
1 0.5639205570901163
2 0.5530154747600188
2 1.1247533264663554
2 0.8071724954791755
2 0.9818057052268443
2 0.8860602640700984
2 0.5463018848092509
2 0.6928762577356865
1 1.0807371571310302
2 0.7243056385256577
1 0.9419660359668515
2 0.3862838094231149
2 1.403186333067026
1 0.41431345620453885
2 1.3586694809777615
2 0.7887170512223383
2 1.366088913029456
1 0.8958927669777844
1 2.2764830725039955
1 2.9256315152841865
1 1.0960392956075111
2 1.0667032894035904
1 0.5569709699166053
2 1.5905210851125449
1 0.9926766619676332
1 0.8507862114654755
1 0.67852433938675
2 0.29144142814859253
2 0.889220915507628
2 0.919971478110325
2 0.4502396760733191
1 0.5838358521891629
2 1.0584534467775193
1 0.9960063368356251
2 2.6375595274361987
1 0.8487375879005729
1 1.34261677132512
1 0.43310363134959096
2 0.9462082715421248
1 0.7578179639824447
2 1.0035979256666572
1 1.0840707851897147
1 0.6104172997717531
1 0.4862644752903386
1 0.6351274752675917
1 0.6220861439835436
1 0.43064852104372253
2 0.43006101232022464
1 1.0104688500473862
2 1.0465774161085484
1 1.1409883630459001
1 2.195227824016861
2 0.4473041865037195
1 0.4744451247948869
1 0.0517164585354549
1 0.731140327388086
1 0.7203708338941668
2 0.6205504695264835
2 0.7463229690287891
1 0.6939696949664657
2 0.45964100025879123
1 0.6790852694554445
2 0.6987545171191004
2 0.8387177969972855
1 1.2162269546205962
1 0.7576847534830026
1 0.9251546872331434
2 0.9438937367490997
2 0.5919395211023508
2 1.2043083091049773
1 0.720905426163084
2 0.6994041312731502
1 1.983158651804851
1 0.4788546904933831
1 0.32862911957185936
2 0.882783667570621
1 1.6731691292881032
1 0.5245796250963087
1 0.6352013024961335
2 0.3379357354358116
2 0.9306954530808861
2 1.3232059333899364
1 0.20145903449401922
2 0.29578934309053123
2 1.9260137360131349
2 0.4519298727186339
2 0.4253391089615343
1 0.2866475083340632
1 1.3485051917366149
2 1.2551800710366185
1 0.6459880006585424
1 1.176319141406248
2 1.6508322523714387
1 0.667778485298291
1 1.670633814768703
2 0.8023264814028747
1 0.8096741322981489
1 0.7890861888123039
1 0.6169259755193495
2 1.3071044338804203
1 0.5457399723406788
2 0.7611790650514699
2 1.4304616276562783
1 0.46806650096530333
2 2.2461293777303792
2 0.6669534849692231
1 1.654922501587421
2 0.7230821569249045
1 0.8119217787218674
2 0.7621341187155231
2 1.1749736284981656
1 0.43403770910538053
2 0.492895614675697
2 0.4789112242070523
2 0.5647396088309493
2 1.131816158701812
2 0.6185584374614347
1 1.0696872945297418
2 0.832744785885541
1 0.4762892296174472
1 0.5488504859570574
2 1.2443398544636068
2 1.06011833541134
1 0.8166810741218017
2 0.9970261966149193
1 0.5743206991180435
2 1.5360348097192937
2 0.7899244780882281
1 1.0643658166037249
1 0.41678808572814324
2 0.8877608530398736
1 1.6863070136632652
2 0.7950368059187806
2 0.7069296935706485
2 0.9827098881219148
2 0.8143447521695629
2 0.8731647213887147
1 1.117698091387927
2 1.529801756227001
1 0.24165624239792866
1 0.3551730850043251
1 0.7759197892016378
1 0.5609772672689219
2 0.36834839679769354
1 0.7083530130130643
2 1.4049092052672734
2 0.9309316022907848
2 0.33966899894697866
2 3.4246531556400805
2 0.30933452012797175
2 0.7583570485933647
2 0.5720212196893224
2 0.544584858388116
1 0.9529249627108598
2 0.61101012512807
1 1.961829188771619
2 0.2079972140021084
2 0.9322803456425371
2 0.8841806103708287
2 0.6691736313157035
1 0.4565315771819149
2 0.8475913971630747
2 0.6687179511403206
1 0.5324922142875409
1 0.36745029380231625
2 0.5036462324180555
2 0.744886509844356
1 1.0340960956460552
2 0.6169671763363939
2 0.7817529986253635
2 0.8605741210891953
2 0.3950049161343105
1 0.7556820874695251
1 1.0005670893756584
2 0.778137199716959
2 0.6429283188802618
2 0.2868461294771495
2 0.49186559421078574
2 0.22697554381605178
2 0.9623118098716829
2 0.43236631982127666
2 0.9519313843897534
2 1.0767939845975163
2 0.9581442276297296
1 1.0561429794205768
1 1.5408407256446024
1 0.2288127882475506
1 0.18255266398464384
2 0.2777805425359711
1 1.3062822206100695
2 0.8077158235399706
2 0.6032716811203891
2 0.6596637416694976
1 0.3604759617041799
1 0.8134764194424324
2 0.4594790898600727
2 1.5678083444141193
2 1.225886749263488
2 1.205527082847554
1 0.21512635518635823
1 1.5766663275537687
1 0.33127199003105984
2 0.37460927092454704
2 0.9327696357380628
1 0.6783409124460391
2 0.9373424001868512
2 0.6951581428315372
1 0.9660585605171309
2 0.9377574334116657
1 0.6133929835589015
1 0.7434968458830388
2 1.046320916920996
1 1.160286089837073
1 1.0614080269533426
1 1.334723708435884
1 0.42656776808725705
1 0.8650825347643352
2 0.2609027869975924
2 0.35150934164153447
2 0.9178479363052519
2 0.7618231281677448
2 0.8557800995256932
2 0.6470843651269244
2 1.6252071419770457
1 0.7403554892494159
2 0.810336640750665
1 1.1626168233415557
1 0.8568270446734932
2 0.8899047160460126
2 0.6794550673284555
2 0.47252082671187917
2 0.7637868393599547
1 0.6951355605473472
1 0.47011906910753465
1 0.43538973263514674
2 0.9525695196071621
1 1.040867588199141
1 0.7377781647140781
2 0.5522809111990026
1 0.5429275868106404
2 1.1816414744375532
2 0.7082952056340006
2 0.806004911404593
1 0.680300895654987
1 0.6993403039151532
1 0.4765299299577422
1 0.49301034654723414
1 0.9882424599017272
2 0.8483468659247174
2 0.12988029304955787
1 0.4435711463802174
2 0.679615506492661
2 0.7871328245219397
1 0.5832266427702094
1 0.6305065661660421
1 0.36319379814686686
1 1.339870358139137
2 0.45567295926868706
2 0.615983863765508
1 0.671598091423456
2 1.9738851149408443
1 0.5440766179191941
1 0.5263449420761759
2 0.25693740478471644
2 0.9660600169366264
1 0.6234825108658308
1 0.7798078250176048
1 0.3846470805020566
1 0.90031028764016
1 0.5785713013158532
2 0.6026398881159337
1 0.6726576076649324
2 1.6404595659038215
1 0.7764487959495635
1 1.3963806121440276
2 0.580332478552313
1 0.8172108535518691
1 0.4677313233779928
1 1.7374326543492402
2 0.4133682543473202
1 0.8147519388321047
1 1.0065771151257428
1 0.9782657290349049
2 0.8349086322481831
1 0.5568023182735755
2 1.2229916661949343
1 1.6162588616246194
1 0.7836508620890583
2 0.34953075819370355
2 0.615639211031536
2 0.7029769476394997
1 0.40668772800867936
2 1.1194179692312032
1 0.9053137489137629
2 0.186820891680184
1 0.6011220956154609
2 0.8094489048808269
2 1.3313320429548197
1 0.33883378648142165
2 0.3364193228197439
2 0.6546310158825603
2 1.092046323225724
1 0.36074485148706403
1 0.6119229005908542
2 1.0767101041688465
1 0.7218218584042948
1 0.4806691433280344
1 0.6687446982747401
2 0.5068756640028014
1 0.7889682079261289
2 0.6671580548437247
2 1.3089372857999104
1 0.7919615967336087
1 0.6352938870440846
1 0.6444980764368663
2 0.6173363034742965
2 0.831126044528241
2 0.7693663150441581
2 0.7879922909978546
2 1.5972935979775666
2 0.745422063592717
2 0.8339798441505081
1 0.7892499986269287
2 2.177123239339237
1 0.576571349336631
1 1.9227705371298487
1 0.4571363040798444
2 1.1667164006612514
1 0.48425297690607744
2 0.617239093863218
1 0.48443084061042907
1 1.1018485149608706
1 0.5788645044954102
1 0.30778135511429644
2 0.5189821318341994
2 0.46743970144105057
1 0.804954670198438
1 0.6505940542334829
1 0.5031179990767822
2 0.6014278750407062
2 0.8471401191757345
2 1.3039685637893426
2 0.3717492703789461
1 0.8174789965370168
2 1.293277885162839
2 0.6746890500814584
1 0.23271008021010747
1 1.2053266334718864
2 1.4275949186432852
1 0.5059891364748862
1 0.967788003662476
2 0.7786261287055887
1 0.22507464974958294
2 0.6492590456786423
2 1.2443586097882944
1 0.4325689418096201
2 0.33135617721745114
2 0.8464305761318272
1 0.42950923419707465
2 1.5857722842535136
1 0.9431507596538187
2 0.4716117980296865
2 0.8121857644577571
1 0.8624219217252217
2 1.2365959687396486
2 0.3944346237566442
1 1.5556151594054337
2 0.6262734608945325
2 1.0975066467106718
2 1.0601703458674714
2 0.7533804842221172
2 1.42295406459916
2 1.7145580231287503
2 0.5900620574623937
2 0.5434076761464186
2 1.5210090290163336
1 0.7289920746141425
2 0.4554379915320547
2 0.625889788453922
1 1.2316577280381036
2 0.9361312704913469
1 0.2555957009165533
2 1.0364084613684474
1 0.2048190120869907
1 1.0897969524767233
2 0.7858255492673359
1 0.6360706260510184
2 0.6478518114896589
2 0.4677676057708227
1 0.8973659055706039
1 0.6372457191666212
1 1.032869685789402
1 0.7244905078710568
2 1.3232434443654815
2 0.7013363113265677
2 0.1677885334704675
2 1.0634719420930605
2 0.875827496132986
2 0.40432910419511464
2 0.6190666412337954
1 1.5218871403278575
2 0.8659246645049389
1 1.1931354152201734
2 0.4299541127260604
1 0.29455300903741055
1 1.068783692077
1 0.31365019787012377
2 0.33098761046136693
1 1.2840499749145138
1 1.0078709799428605
1 2.0384172439057267
2 0.885018448789005
2 0.6680991835300005
2 1.019800009200741
1 0.47277351268383616
1 0.8263740485826613
1 0.6043000438338025
2 0.8200563555479855
2 1.6677325051037653
2 0.680075314838851
1 0.5652006160543358
1 0.3897495286274455
1 0.22476221012405206
2 0.30904501132859513
2 0.8369652367876127
1 0.6496077054572346
1 0.21208819669459247
2 0.35616958196196763
2 0.8711065760709434
2 0.9886869868670926
2 0.4033922303587058
1 0.5906550150058795
2 0.6848435973755038
2 0.6846995020179285
2 1.0673821486616413
2 0.3112147797006976
1 0.5424188078492684
2 0.7990078121615157
1 0.5110075806226138
2 1.017340673272031
1 0.665622767410474
1 0.5314703250430305
2 1.0314187937330324
2 0.9737409334419023
1 0.6290486586446553
1 0.6666946691278361
2 0.329676797306863
1 1.4783272715351263
2 0.2782891941749089
1 1.189768846395686
2 0.6585003738229295
1 0.5958004545746355
2 0.36619576752042354
1 0.7635711461403453
2 0.5680142441780066
1 0.1105749672842666
1 1.1404454117447997
1 2.521860509274375
2 1.2854731049924806
2 1.4077766200208535
1 1.1334437331270721
1 1.069359894770242
1 0.40122201529759766
1 1.0219094652571699
2 0.9493887683593191
2 0.6707954835742204
1 0.9397076691918232
1 0.7573048201184833
1 0.5977031225221325
2 1.0198042536465466
1 0.5500236405700739
2 0.43014756756292555
1 0.5176749846149125
1 0.779462299897059
1 1.6450058334368562
1 0.8266205895132024
2 0.9998192111002695
1 0.4708874018723075
1 0.22108023284499265
1 1.7355750029447772
2 1.0527234264099323
2 0.33192582719186725
2 0.8047029294293856
2 0.3690610586019773
1 1.2822992699992057
2 0.9774540063352994
1 0.586950227463129
1 0.4399959121821249
1 0.581552224311202
1 1.1202420553224772
2 0.46212949699714234
1 1.0084878994827051
1 0.6820436454164891
1 1.1602482513981995
2 0.8923969058110209
2 1.5530111730510432
2 0.989090205999237
1 0.7476946971777491
2 0.4076232996182819
1 0.32263749432995814
1 1.0605104410511523
2 1.3258930596618252
2 0.5271103268217275
2 0.5769298987500711
1 0.5734796055366326
2 1.016339129447882
1 0.9330498162691134
2 1.0529481346148297
2 0.482678184999532
1 1.0657379949602386
2 0.5397898741633002
2 0.6617690496250295
2 0.5257217368026488
1 1.2635633626296814
1 1.3460377122784635
1 0.5466470778222856
1 0.42309488770541015
2 0.5882610207815044
1 0.8976469888879856
1 1.276487837857353
1 0.552287764220519
2 0.49811457297914313
1 0.5190180853381127
2 0.24616095601136848
1 0.6656937450332294
1 1.7318253239490158
2 0.7860061646953593
1 1.159975598655465
2 2.6886429503486777
2 0.9492261917941687
2 0.6413040203783779
1 0.41078468874002044
2 0.31356927284674185
2 0.4821571281085265
1 1.0191833718206105
1 0.8011219371394235
2 0.9766001083228341
1 1.1970927097901052
2 1.336159159172872
2 0.9984398327806883
1 0.6430418596235993
1 3.361011383231191
1 0.40875558860022176
1 0.6255251246120657
2 0.48860644483827836
2 2.1965586735118987
2 0.35253277085899193
1 0.5540229947789399
1 1.1085472756367565
2 1.8627752223403617
2 0.6409288228600388
1 1.4051738749849716
1 0.42085885018795094
1 0.5272588924629386
2 1.0592577167021504
1 1.1115058827947903
2 0.6348855405155157
1 0.4791208905454771
1 0.6642665203257923
2 0.4041516632548007
1 0.6975714112137426
2 1.537056145270552
2 1.117883739007814
2 0.7543456431660375
2 2.7816918182118235
2 1.6046558487451204
1 0.8501795796328597
2 0.4500784189734939
2 0.428140794870426
2 1.6113035263585698
1 0.5445753501269205
2 2.5790336714452575
1 0.659265285257158
1 0.9149891878920012
2 0.7709518335620056
2 1.0362607941599675
1 0.9284603313092593
1 0.4353108439361007
2 1.5745056562027169
1 0.5886624354800897
2 1.7334087704349297
2 3.2328638070665154
1 0.6249003533951051
2 1.3859699346603882
1 2.0852362737075554
2 0.5248612306777929
1 1.1624507732096852
1 0.41125931305536584
1 0.5911580898536049
2 0.38111795714460767
2 1.3757637882244695
1 0.8098123707624069
2 0.7305738592451951
1 0.3350779608548765
2 0.6551037080522534
1 0.5339670023737109
2 0.8452965830577123
2 0.8254747750346773
2 0.46653969575072324
2 0.8636848339478012
2 0.5638847681885274
2 1.2257723066421333
2 1.1641742276594882
2 0.5760244468860827
1 0.20321345613035285
1 1.443175179668581
1 0.8415751045926083
2 1.08414655183731
2 0.475235677711938
2 0.680605778992108
2 2.336101055254504
1 0.9617225972633797
2 0.20484893245172103
1 0.8184402990869911
2 1.1145400096574314
2 0.4277683101141547
2 0.26771673696891096
2 1.4048514687551272
1 0.8323004713604042
2 0.3704531310049908
2 0.8152275489602815
2 0.5258217957089155
2 0.4086361148185287
1 0.21245321290567584
1 0.751497029019817
2 0.5760302815737649
1 0.9397715346122965
2 0.42402468248850866
2 1.0129854148305113
1 1.38919580663288
2 0.9903323650903054
2 3.506323924586914
2 1.1954223827788562
1 0.48495540353423366
1 1.3632644848028055
2 1.092312142908714
1 1.6334826594196774
2 0.28269078002652465
1 0.7923001061554117
2 1.8809566908198
1 0.8744003191040796
2 0.39437375758032217
2 0.7188912959132195
2 0.5652475363210887
1 0.945973953906354
2 0.9372688975334031
1 0.9183424884237154
2 0.25290437572073887
2 0.677705001971802
2 1.0143396418346478
2 0.932672403557328
1 0.6825139017560009
2 0.7642872678603962
2 2.5097354872405218
1 0.23734724078255037
2 0.6257225725672353
2 0.6028924312762699
2 1.1017862686697892
2 0.34210674161819893
2 0.6004962151066923
2 0.7982980104159468
2 0.5264463706176253
2 0.294263195134207
2 1.1987539657744821
2 1.21179474762508
1 1.190639849799304
2 0.6874141926914331
1 0.4927042424074184
1 1.2285910598380405
2 0.9111363543463971
2 0.6158344399790144
2 1.542521812503787
2 0.8675675507054963
2 0.7154408724718975
2 0.5301964574539761
1 0.8280930007239533
2 0.5830149337626466
2 0.5725522361283316
2 0.4054337820210145
1 0.5532894960718537
2 0.5997980104985161
2 0.40058347026797775
2 0.88552957906966
1 0.4385111848491481
2 0.5498982374155145
1 0.6992917209121151
2 0.5978319549633654
1 1.1190712279668222
2 0.2771773102073656
2 1.1184683256786363
2 0.6567220192985614
2 0.654977633619577
2 0.30118185434218636
2 1.2945506793960881
2 0.9612739484422386
1 0.7314083412820046
2 0.9174265317319346
2 1.243493507684759
1 0.5074666491657236
1 0.3563386802441111
2 0.6748244752527991
2 0.7310639984338504
1 0.7486012343272092
2 0.43921403015341737
2 0.7491320920915571
1 1.1467964485514552
2 0.44493364174996347
2 0.6434789652143507
2 0.521020112517767
2 1.9747931567664025
2 0.5146119287053487
2 0.7775962220551496
2 1.3099318441424557
2 0.4497925949311619
2 1.441042276613877
2 0.33840618539596556
1 0.36052019523814105
2 3.0236711342850517
2 1.0529459946399817
1 0.7695537766447068
2 0.7737690916517104
2 1.1287962079003429
2 0.47701535761109204
1 0.3161045037287859
1 0.6893094974716925
2 0.7449171895829314
2 0.5986603950594878
2 1.51796476299662
2 0.11410927125740825
1 0.6771184099683026
2 0.5233674129040345
1 0.4633861393961258
2 1.021339867370391
2 0.5856958158307523
2 0.2534208088946069
2 0.4914180566912345
2 0.8623728871303062
2 1.7603031239089704
2 0.9168565970294253
2 1.0269989606582572
1 0.6169975673485996
2 0.924821873260015
2 0.9759167520405797
2 0.3859419090895401
2 1.2057882814373388
1 0.5324540254820197
2 0.6529057706464167
2 1.3984982933049486
2 2.043466414776657
2 0.3865803501247547
1 1.2364016996760885
2 0.5153653869356535
1 1.40996557125406
2 1.224445477035611
1 0.7271573835947296
2 0.4519391735854114
2 1.268338672950389
2 0.529894054231796
1 0.6410210129299526
2 0.559927789269653
2 0.9194080956558538
2 0.3485179060575176
1 0.685499369429784
2 1.7865127290359135
2 0.4215814724055549
2 0.7502618237503139
2 0.8509122354539973
2 0.4201016436266515
2 0.3912431200023394
2 0.702623788150037
1 0.5201980625943528
2 1.2690638554973768
2 0.36687745638451885
2 1.0407292938642723
1 0.9056913324323845
1 0.981248624404893
2 0.8129695949912137
2 0.697936597961832
1 0.42514104359450283
2 0.7729352093667771
1 0.3094107891608492
1 2.201834143374894
1 0.5874295734249719
1 0.6577110356970565
2 0.8952680387580296
1 0.5017691245040916
1 1.0116142472706802
2 1.2920436608867627
2 0.8983878942290002
2 0.8225565819325062
1 0.5059602874674105
1 0.3551313434433063
2 0.347019196914099
2 0.5384595963261442
1 0.36570127683501097
1 0.7722918979378991
2 0.9712186220369435
1 1.6216489961911489
2 1.4604321967563543
2 0.7414102978969302
1 0.4374721540679296
1 1.390406286336962
1 0.7151076019660789
1 0.5763560909288659
1 0.48670443425394105
1 0.8881581621210831
2 0.894709897366743
1 0.3022679674210003
2 0.8487068022536058
1 1.792389084349334
1 0.6173403029349461
2 0.4163031605280311
2 0.3494539474793101
1 0.7810032339024606
1 0.09098445595678728
2 0.7443632366820024
2 0.5582992770159503
2 0.5138082016227775
2 1.5846449003362801
1 1.1236911744349454
1 0.3222011064985468
1 0.3923820133554007
2 0.23122968320969386
1 1.7087685999269442
1 0.7849339135777192
2 0.6509774302112891
2 0.48522304457613835
1 0.43541279449562587
1 1.1049811345035085
2 0.5470509964871183
2 0.40263155668001627
2 1.6868807335587044
2 0.4923847964059074
2 0.722753841245746
1 1.2368508474581068
1 0.45193193185067465
2 0.45399786595674035
1 1.1303711457614096
2 1.1303888298680391
1 0.3995330634506097
2 0.7578297364587557
1 0.6553762500185188
1 0.6754640174550127
2 1.6478041876293237
1 0.6875447271392531
1 3.2667426527732015
1 0.8454442057705714
1 0.6517903867277302
1 0.8730988660506592
1 1.5958319505830558
2 0.479694813021725
2 0.35924500388181957
2 1.0064238022958725
1 0.689553382481789
2 0.8682254053635396
1 0.612110519381995
1 0.6894841923080459
1 0.3587457271838063
2 0.5448514780386936
1 0.27005874263541074
1 1.2002621232867219
2 1.3667967456183587
1 1.5419806822353155
1 0.48198718360614673
2 0.414636578843485
1 0.3364826929805429
2 1.0977328727559101
1 0.46774857767308897
2 0.7456925150479873
2 0.2949423238580284
2 1.0027420457040261
2 0.5891581526055788
1 0.3421705909629881
1 0.8243359039217122
2 3.460694114845441
1 0.48339548235994095
1 0.4488552979789496
1 0.509288322908024
1 0.6650361566208192
1 2.803924837592476
1 1.050645003015493
1 0.16003197084695997
2 0.2390909350431164
2 0.9133051098448975
1 1.838231570588828
1 1.6279272599906771
1 0.6735465853202913
2 1.196991120535008
1 0.860513812628807
1 0.6135337130433036
1 0.3687579660929142
1 0.655848406673212
2 2.147054606233318
2 1.1258799141701628
2 0.8646982968600713
2 0.8208463574950194
1 1.1290807240063856
2 2.5715030332925433
2 0.44539651668441205
2 0.3564477176358165
1 1.4466325386185683
1 0.4963819325672728
2 0.5259447653659673
1 0.9797623621267874
1 1.2284462976360424
2 0.536740480538099
2 1.848718629516091
1 1.6872556856655527
1 0.27122710152100343
2 1.6586889869645733
1 0.6903503285327266
2 0.6210520743447688
2 0.6017772356672683
1 1.353800142255223
2 1.097665916885173
1 0.40871455866275236
1 1.0504627125376675
1 0.5950121319464646
2 0.6473861743638895
2 1.1512490756453209
2 1.1030831146583424
2 1.7857591556344838
2 0.5899813416960331
1 0.7683149549424615
2 1.716854534204478
2 0.7908794450530682
1 0.6940953246956358
2 0.8383891901161904
1 0.40159109991920483
2 0.8613860694264711
1 1.8674604260003893
1 0.5458939225878403
2 2.1124614069654823
2 1.6470716080554575
2 0.45509704966854053
2 2.5204764548812895
1 1.1431617165779535
2 1.0160857237948553
1 0.3843083061877795
2 0.7549939112153027
2 0.6506352226978626
2 1.5355470237898583
2 0.7570859682875777
1 1.0146775904155372
1 0.8458598771680435
2 0.7492716455244374
2 0.5753920538429376
2 0.5488433489826805
2 1.6128128877510228
1 1.243416117533103
2 0.4152019926581019
2 0.3760099487306589
1 0.7361380163553903
2 1.0198793864021292
1 0.49593743712690563
2 2.599078856097727
2 1.2125812863247438
1 1.5704639200989599
1 0.676636120391334
2 0.7325863042236017
1 0.5631967425158402
1 0.8099470210878059
2 0.8261808999754603
2 0.5415281507626437
1 2.4412774434050517
2 1.2761361230955992
2 4.874701872726338
1 1.0563495458002705
1 0.4239042469668885
2 0.8806046002289724
2 0.45648025021190464
2 0.3502928474845129
1 0.8667598100197546
1 0.7859553484213991
1 0.44051217574435986
2 0.4302800507008836
2 1.4371917566307044
1 1.3459869447694328
2 0.8525709190323164
1 1.132421376251302
1 1.613719902874364
1 0.6995646745633408
2 0.6453970870260508
2 0.2996042431557891
1 0.7082172544424086
1 2.3338996304446136
1 0.5084579493183724
2 0.7918695312688458
1 0.518558877581502
1 3.1385865376423654
1 0.8356323351576731
1 1.4678101600515017
2 0.4654657309963192
2 1.073221227867077
2 1.1592892637503915
2 0.5721212152553045
1 0.3494140060630103
2 0.7659194499624059
1 2.1065465383352993
2 0.7896379129672545
2 1.4048423143408164
2 2.07363151548316
2 1.2898866779532054
2 1.2313163860579028
2 0.7398481147633917
1 1.0890406904947467
1 0.846719262984263
2 1.6588204178019252
1 0.5221374015211628
1 0.7142780248371732
2 0.5698287084756535
1 0.6138002515600915
2 1.9282934006586285
2 0.8814336565965687
1 0.4313760099610894
2 0.6641683868106542
2 1.1701719943145554
2 0.49867502529755253
1 1.3178270145497832
2 0.6197665152284912
1 0.5678226220422413
2 1.369869401786261
2 0.1546182233550371
2 0.45637780332406414
2 0.27430898770146456
1 0.72021237049054
2 0.6913263698894782
1 0.7628335054005332
2 0.34115678602169097
2 0.6998745071040856
2 0.35347427984337754
1 1.3642109635546036
2 0.27107084357170014
2 1.3358326465310006
2 0.479727603990094
1 0.3922384553965754
1 1.2832277643435102
1 0.4163847159369271
1 1.2512415526401184
1 0.3870851732972185
2 0.7020687359172899
1 1.5437870176905342
2 0.6505314823977615
2 2.0433866050389105
1 0.8273530077091324
2 0.7317874084411864
1 0.6338944205708886
1 0.34972598290597057
2 0.23165246847962292
1 0.43372511017050447
2 0.7514546512480499
2 2.740355243003205
1 1.0746958559857673
2 0.4349665520245476
2 1.0432546168901207
2 0.7450342854692029
1 0.5640384997670533
2 0.6619591360508339
2 0.941726227199974
2 1.0367462235041234
2 0.7237511743548235
2 0.7372357561337639
2 0.7630225085889372
2 1.5203670207937794
2 0.5225803147394699
1 0.8468906325893358
2 1.1616440295702477
2 1.8008552284496813
2 0.45697776795717693
1 0.5559457602935676
2 0.9040626035239369
1 0.7846999249644208
1 0.6611398527965356
1 0.34916195841567604
2 0.34870278598696774
1 1.2429508471804231
2 0.6256438592924137
1 0.3624706363243663
2 0.769460482314584
1 2.140543493875422
2 0.9764287806845355
1 1.3669576333092202
2 0.433920830737344
2 0.49837970186492964
1 1.030190711633675
2 0.4070051125447802
2 0.46429384335983115
1 0.5187109987485855
2 0.9595414116025649
1 1.0517960624416645
1 0.34437854624075076
2 0.6336435749898219
2 1.5431333054710108
2 2.0434720595705023
2 0.8776064553118513
2 0.7329612848877032
2 1.1109545512655492
1 0.7546598259929895
1 0.9126773067055345
2 2.079207086603868
1 0.32124087328804185
1 1.6109114520706669
2 1.0537939299264056
1 2.187279215221025
1 0.9251488287587992
2 1.2202249760875188
2 1.2661154530949539
1 0.5318370967066764
2 0.47148646982924564
2 0.38129267467796957
2 0.8973980593158554
1 1.5759080764637048
1 0.371909350267882
2 0.24163077042227146
1 0.7012167744107477
2 0.47109895565667326
1 0.9772797199136086
2 0.28475416942147574
1 0.6395289135539286
2 0.9389628855130693
1 1.544709174061283
1 1.6442427633653194
2 0.24286949592487514
1 1.1556025268246541
2 0.23752145476704123
1 0.8873131622881678
1 0.29324082677447644
2 0.9252327038398752
2 0.5554335113956711
1 0.879360116087863
2 0.3144825809484462
2 1.094964567544955
2 0.8436592625441011
1 1.697961483650023
1 0.757769511457965
2 0.552536581246026
1 0.3267287412282394
2 0.23227759579821952
1 1.1461155606186837
1 1.0273623148695448
1 0.7343148139743654
2 1.2353199700805158
2 1.229260386056536
2 0.43748745548321677
2 0.4072128306519152
1 0.672148843506959
2 0.35166342624242425
1 0.5047490007494188
2 1.1746054496575156
1 0.8774409146203457
2 0.9630045570994877
1 1.0774377668194073
1 2.011288687835032
2 1.570233429854191
2 1.2555466544153095
1 0.3074760258826538
2 0.780207093624596
1 1.2257901001371168
