average displacement: 3.7956416191011724 A
simulation time: 10 ps

Type    Displacement

1 1.2286968829756957
1 3.4357445463413017
1 3.6227779224708487
2 1.9381790924972686
1 2.1855092700490033
1 1.326882414218174
1 1.7418147253749492
1 1.571023545036894
1 4.077270032331535
2 18.154658194610192
2 3.9527299260654165
2 2.965859047850065
2 0.7792163808209599
1 1.8601991268902096
2 3.129950692379037
2 4.318833659025097
2 2.491600493503688
2 5.672743950626655
1 4.078082072091207
2 1.3779163765122127
2 1.3190096969963903
2 1.934941192713558
2 2.485849406028362
2 15.11895554438394
2 2.116460255567892
2 2.1446211273251867
2 3.3391879994004543
2 0.12363441370833081
2 0.9591275333779653
2 1.762138779722655
2 3.1447930095236503
2 1.5951991224119644
1 0.5969299336217342
2 1.750273210164448
2 4.797104493136417
1 2.1855179922347276
2 2.6340172646563937
2 3.343899889221749
2 4.03040403748971
2 0.8244222125935071
1 1.7880625076688703
2 4.2453643816863265
2 4.029398719821648
2 0.8277252899847768
2 2.665421646321772
2 1.7589952935858295
1 1.4425205438794546
1 2.392441648002679
2 5.003959147140247
1 1.5632470725103549
1 1.5841035970397288
1 0.8567718916586761
2 1.471721710143422
1 1.7717765152303118
2 2.6682442789457603
2 1.1102085880541794
2 0.5015640573625801
2 2.1902473908332984
2 1.3499914984226475
2 2.42242369792064
1 1.0024722305486224
1 1.6426972921323288
1 1.5990639161378963
2 2.7054695782984095
2 1.9984040466591488
1 1.7135728955975704
1 2.4717642900761283
2 0.9680369213034948
2 16.516220566752118
2 1.790039085235395
1 1.6235926622308063
2 1.2815870629620063
2 2.485324213931527
2 2.006826501296117
2 3.849457684280902
1 4.073459211598374
2 2.3626594850281157
1 0.904255523716729
2 1.266827002354686
1 2.1646499862725697
1 0.8136685998091583
2 1.5827842472058868
2 1.9260709421925315
1 1.4845530533016253
2 1.4026563613534069
2 3.2149345827237
1 2.873293138856841
2 0.6636009307990969
2 1.4569952739460783
2 3.677110693527319
1 1.0118584377613817
1 2.9107227973070473
1 3.3493440221225534
1 1.3478869108969778
1 2.2636852629251543
1 0.9031954304175615
2 41.929041396374146
2 0.6234154638812809
1 1.2402359083614303
1 2.9799229839216586
1 2.965527578526774
1 2.514588203019663
2 3.389689462811484
1 0.7272381811382581
1 2.3125671052197583
2 0.8551829092341863
1 1.1618225016791797
2 2.9693966550919875
2 1.6564722385247619
2 0.8905479650440825
1 41.66667900749777
1 1.3636283089915324
2 1.8394646533667451
1 3.5476262040437954
2 1.619803061580328
1 3.417821043918881
1 1.310871025428742
2 1.2535351150120486
2 1.3043633425711572
2 1.8877212436460407
2 5.116400696737736
1 1.9961144298550062
2 3.0185593822071617
2 1.3275375682454922
2 2.000452060774835
2 2.8295989817092146
2 2.697916987384959
2 2.0778112973279343
2 3.854984478328758
1 2.775886399338329
2 4.264002530193921
2 3.0431761835768842
2 16.385081796692166
1 1.8580868976158127
2 1.688228807726654
1 1.6080030554480793
1 5.070693739746327
1 0.9830566968197474
2 3.2438615686382986
2 0.9800119866475326
1 0.8760024478910527
2 2.2089585285682722
2 1.8645441926471125
2 1.3148263477631281
1 2.0209344242278244
1 2.250801312366177
2 1.683444080380168
2 1.7000671104905978
2 1.3620853114540372
1 3.416830764682028
2 2.8121372718834174
2 1.9098962217086317
2 1.4738918914050123
1 0.9435543042604068
1 2.5882183492524056
2 1.9962633808324532
1 4.360074657176362
2 3.8934261920485027
2 18.04381787679323
2 1.2618506710325275
2 1.5486588561804089
2 6.131838880718555
1 2.4089058665714647
2 2.1780614870961634
2 3.1606471501716644
1 1.511031169713313
1 0.7724943814449728
2 2.769809803342662
1 0.9322166008025478
1 2.6348003630554344
2 1.0729531476048324
1 2.2094620966848653
1 3.6539951326197326
1 2.9045994191212947
2 0.5734710336543954
1 1.3340681298265247
1 0.7599316674065333
2 2.040937689782833
2 2.539813885752283
2 1.6457172761080185
2 1.9934924661872586
2 4.488747195410306
1 2.128981594558449
2 1.6272215463064068
1 2.7136717642070725
1 0.9480693202076219
2 1.061959555499005
1 2.5014732728752755
2 1.736791659554533
1 13.958900819843883
1 0.7544139035498166
2 1.4573688004693028
1 1.781332510382336
1 2.341621095562823
1 17.18181120002162
2 2.6815087799045183
2 41.982956903457506
2 1.432382876780499
2 0.8177053761807037
2 1.6264213778836771
2 40.03350995056641
2 1.8997980998268797
1 1.847609597993784
1 3.265569443523613
2 17.46888220789242
2 4.049001219366422
2 16.836644821573675
2 2.2050455124631076
1 1.577056874133174
2 3.1303754366637415
2 2.5643194894347383
1 6.815331090120151
2 2.1089361683694556
2 1.2023805234852851
2 1.2563705237433989
2 1.2920250365060608
1 5.610532786393461
2 41.07521826825253
1 1.3871961703638767
1 1.2091500500051804
2 1.9282911117486499
1 0.6082453979791308
1 1.1564286312424474
2 17.630226519468277
1 2.214801600633981
2 16.523232780880928
2 3.9929653282812847
2 1.9506875161811323
2 3.053541801602318
1 1.1427321728586286
2 3.037208344122143
1 2.3482877085745764
2 3.6568672132470237
2 1.3193341060177464
1 1.661661815499158
2 3.7556425424705737
2 0.6860441309829909
2 2.1477211625185215
1 2.568852129026688
1 5.589585234978938
2 1.1607445663319589
2 4.235580358077494
2 2.535977107195454
1 1.1628017361150276
1 0.8003428018195133
1 2.2150111348975288
1 1.1660318330539219
1 2.597112742653414
2 5.746210153586249
1 2.1198321948098675
1 16.054337295958817
1 2.5081243879240627
2 5.802967420386814
1 2.7727116495899033
1 4.727999002330104
2 2.4934474725942977
2 1.511060611467618
1 1.7141844189380606
2 1.0044198161084714
2 6.039788373432013
2 2.932450309863692
1 3.9584907236210367
1 2.324810978186074
2 4.935299859361228
2 16.1331688329376
1 2.3753710789714004
2 1.567928676640952
1 40.45478241743056
1 17.727852342904875
1 1.235595635880297
2 3.629020192594575
1 3.6169127604127707
2 2.6973118163998118
2 1.3707626625535623
2 1.9945106986230994
1 3.723971611054087
1 2.6683334671349894
1 0.39949441121424106
1 2.646739797182228
1 2.560126566052131
1 2.1120362908583985
1 3.6072042690122217
1 2.2057560655958683
2 3.5516620824696887
1 1.5219006158085584
2 4.158101496909007
2 2.2486807242810265
1 4.505648052797948
1 2.594653485892262
2 15.995417041899943
1 1.3024752573960392
1 1.8226579419075872
2 15.552194032143039
2 0.9308161948552814
1 1.2628944725343023
1 3.587780354380738
1 3.8990017604398095
2 1.3659406169015498
2 0.8805985485492835
2 4.762061101435343
1 2.1088152282895662
2 1.5749475672509543
2 0.6741993052378984
1 0.8193550448271686
1 0.8105104715138935
1 1.8996355030201546
2 1.4281783396264507
2 3.386419794460729
2 0.9758614206126434
2 1.4847698510702458
1 1.9965989486206153
1 2.5832702974403174
1 1.4895243794524784
1 13.106865546894104
1 1.1593622377301027
2 3.037090651818825
2 0.901413330502302
1 2.325667982800179
1 1.21756931669276
2 1.681154782396012
1 2.2247947078651666
2 0.21533334761633102
1 0.9978232653833141
2 1.539777820912945
1 1.7412615310942265
1 2.689124348939613
1 1.140752341947477
1 1.1602283913153595
2 1.064215278390956
2 1.858043505128254
1 3.452326273687234
1 2.939475895854953
1 4.079931295350361
2 3.2009347790674965
2 4.120529861824943
1 3.556740933627538
1 2.342724450016862
1 0.7592710346092568
2 4.875343175929712
2 3.4656037403427282
2 3.114920562621291
2 4.50622810073353
2 2.36590318085296
2 1.444075940562584
1 2.149357126556897
2 5.870776510226511
1 2.246357334217502
2 0.5134674329271672
2 3.0497959243795845
1 1.1343118841933486
1 1.1082778194381415
1 14.81446439971242
1 2.535942778385969
2 2.396459352188705
1 1.7185236788248415
2 4.337250108831331
2 3.2875165144146807
1 0.993108780987143
1 3.02285560810503
1 3.2947242907385124
2 1.8130907369725675
2 2.1658292215163137
2 5.064910732743874
2 0.8019506294384893
2 0.8941417117308129
1 1.338392430988478
1 16.8901942627379
2 1.1644439884653828
1 3.0603723357699413
2 3.3113239008736732
2 0.5599445454694131
2 3.7856733151064037
2 1.7144843286685845
1 1.5006445285788403
1 2.67808452366905
1 1.5521831387176668
2 1.7331170838497991
1 1.186401970986349
2 2.1124589162632406
2 1.3507879714038569
1 2.9252350115153267
2 5.353312780974022
1 2.7762567986236255
2 1.744035493714074
1 16.919327115406965
1 0.8702639739479182
2 1.6416645825802785
2 2.5348054220783087
2 1.9728506695655104
1 0.5524598594357388
2 2.699192675102
2 4.107640843014107
1 1.378628100250436
1 1.8641365244391537
2 1.899017723658172
2 1.274665096344421
1 3.647662306932257
2 1.7455358411676192
2 2.253073267381225
2 2.3754168426449067
2 1.0010046920676694
2 2.8647857268889854
1 1.0901804848223133
2 2.3439153805825166
1 1.5108197177221896
1 0.9748562883182736
2 17.48391206027447
1 1.2857151112863576
2 0.9468729574591872
1 3.710873747880822
2 2.5446460247093543
2 1.6100678358624947
2 1.7276261273826643
2 2.031413072647514
2 1.8723423772722063
2 1.384158172635629
2 1.7793744950569474
1 1.0483683391139733
1 1.530612267506976
2 2.1949229269934754
2 1.1179763235927478
2 2.220027555704024
1 18.13933816409432
2 1.702749446027962
1 0.40654838040741564
2 0.6859859442211149
1 1.4114723014707475
2 2.9809207930780612
1 1.8295270281085179
2 2.426462527954029
2 1.96856836173838
2 1.8605513748968985
2 2.1248168841081716
2 1.2685682489006622
1 3.730336183545599
1 2.5204188161262198
2 1.458171612797483
2 2.7349580949407764
2 3.337943382857975
2 3.8847512394983386
2 1.87912063030329
1 2.4282477701559095
1 1.6834237489059174
2 1.249348450600944
2 1.1438725648805859
2 2.145257426312128
1 1.8772781832356682
2 1.9471844903826292
1 1.0117789383079134
2 2.087973870797503
2 1.2165264271884892
1 1.4503671478653182
1 2.5353956507985522
2 0.9732302751232205
2 2.4956394946704616
1 3.076702982823978
1 1.5727932845701547
2 1.3117060284095674
1 0.9227799149573106
2 1.5878209619410786
2 0.1558883213563245
1 2.217871701078262
2 1.2848502210817907
2 0.8422889871610322
2 3.95372948710517
2 2.8657413208853653
1 1.908351907985723
2 2.988547621905361
2 3.4312830588008736
1 2.50278194838386
2 2.070686671160651
2 0.6294239811376009
1 1.8384182356912722
2 3.3970234099491803
1 3.535235862341248
2 6.017244743789228
1 1.9522988884814667
2 2.628145822708765
1 1.6182118788192
2 1.9702104870616926
1 1.9571808509670472
2 3.797694954531442
1 0.9506030475898264
2 1.2422474600772782
2 3.0138780914853824
2 2.4177488500835684
1 1.4810145553065153
2 2.367514674433209
1 1.1156245488037062
1 1.9551511034190314
2 2.6894671347023076
2 1.58294009211663
1 1.0226917895123662
1 1.2284482898967806
1 3.617222769402767
2 2.2771690479914515
2 0.5547264012077947
2 1.2602274972649008
2 2.738028194445155
1 0.7869699669162084
2 3.643188596752281
2 3.312721440393535
1 1.243466710658278
2 3.008570599567921
1 2.9126783860583068
1 1.2634498381823605
1 2.0387154569224935
1 16.408788195023742
1 1.9346830874908387
2 2.19145829830774
2 1.7689185661579794
2 0.6474470710167896
2 1.5487825523930536
2 41.03037002389108
2 3.7648023700328204
2 2.015114240982645
2 1.0408652342339588
2 1.9334696808936778
2 1.0716176312896326
1 2.3626335735390165
2 4.0396427358631515
1 2.6663246281803903
1 0.3698588672973236
1 15.41283852615304
2 17.114529155053578
1 0.6596233943511787
1 2.75665189666221
1 1.5914676898703306
2 40.29110466875549
2 3.0803209128920854
2 1.1573646417845675
1 2.5754271899070678
1 1.1425984197580887
1 13.978471359706246
1 1.681150479651299
2 0.9222693731081016
2 1.9403023183070842
2 3.3937204386893463
1 0.7663979917096786
1 2.7181415646865155
1 17.457461563873718
2 1.0497547835850465
1 1.4709962859162302
1 2.481013971867027
2 1.5227345906963912
2 3.9414675218597184
1 0.8924526681835745
2 2.7801145395944955
1 1.8968059248183895
2 1.4294847703095446
2 2.099099721239748
2 2.523889259734801
2 2.9344247112003403
1 2.6070388972018876
2 1.2999459664127253
1 2.1530655752207255
2 1.587148907288133
2 17.863574076126103
1 0.7687137673330172
1 3.222172977970967
1 39.21109265136756
2 1.785237624676183
1 1.2709272460550871
2 0.9036090347245407
2 1.2316988337779056
1 1.7106672213885936
2 1.8952431309333766
1 1.3651776948192118
2 3.587343367646365
1 2.3315607205263156
1 2.09782800538125
1 3.1829731568901
2 2.00566423994407
2 2.4458893196573026
2 15.371610314764746
1 1.7544063637114475
1 2.645168083902419
2 3.9287716699572046
2 2.324749627915014
1 2.3944167003184402
1 3.9438248764092614
1 2.1265079089363725
2 0.956787350658533
1 0.6513460525793793
2 3.7117188612199614
2 0.909685147964237
1 2.9076476333522816
2 1.6199527954305
2 2.97128750939802
2 1.0306869741512381
1 3.6110190971111984
2 3.5237786915095497
2 2.3643688700669365
1 2.1171067894636284
1 0.4087043296613652
2 1.265236031913331
1 1.1859165240076959
2 3.061230339852455
2 1.8677441409585096
2 2.6412789209498704
1 0.3426998551011358
2 2.564031915683929
1 1.9367768492561985
1 3.5463446528138363
2 2.0287876780539866
1 1.5924369354715684
1 2.065168376384615
1 2.764426891048553
2 4.159216959891106
1 3.184350571498355
1 1.998871676259156
1 2.614759316960765
2 7.439356661873578
2 0.9295127361739033
1 3.1063625749913655
2 0.39178582489871855
1 1.7519428389898672
2 1.9559483960707114
1 1.5195044536210855
2 2.4634343006711896
1 1.4442626008413892
1 3.2799054489229813
2 0.7431323740799991
2 2.1855115130531604
1 17.471003005160345
2 1.720072627418694
1 1.4794544661272382
2 1.1713133165510614
2 1.7249365763489966
2 3.401895138539102
2 5.240924590234245
1 2.8817070259800195
1 2.844467636307043
2 0.43624816393618193
1 2.000153318229407
1 1.8674145882926114
1 1.37289393745692
1 1.5568617591545793
1 2.7462079948142324
2 2.9783537444637433
2 1.8636404487678
2 2.849502536708427
2 1.4893236123414308
2 1.9016885542193611
2 1.63693117542087
1 1.4671059034301113
2 3.4354838315624856
1 1.5711047984997923
2 0.9574829261479941
1 1.9665512064781905
2 0.49288559484498057
2 4.877666559386705
1 1.7357654754396787
2 1.5157970099971338
1 0.6004060599759511
2 1.2498236360302526
1 1.693769741069474
1 3.4861964896460065
2 3.600847209156467
1 1.6887447020324349
1 0.9152220590136061
1 5.867709369909791
1 2.071421840816498
1 2.294736206450566
2 1.9168481068850047
2 6.82980569310639
2 1.0823744588167947
1 3.0612867645716886
1 2.5766942336279555
1 0.9931734043159387
1 2.200870298266775
1 1.5806969733126255
2 3.7326417423275187
2 4.5779959275256425
2 1.640588966791124
2 4.67470431658943
1 1.4804993375193045
2 4.5827344956752345
2 4.303744970937907
2 1.426362327621415
2 1.9553150276201128
1 1.196715584904978
2 3.033768787031474
1 4.753021815941435
2 1.5453489241866116
1 1.436927042843488
2 0.5429232675479037
1 2.3131523984973024
2 2.1136422874003538
2 3.165283537996149
2 1.5770988058408695
2 2.7197465163508654
2 2.6995406287972403
1 2.1390022891623612
1 1.4226742260783933
2 2.4316837297010125
1 37.64354287686953
2 2.182458242276147
2 0.8961818545736423
1 0.8279273924962673
2 2.1520070006052765
1 2.5377243442116777
1 1.887806353421601
2 16.77382053238613
2 0.803782944400982
2 3.020980096807914
1 1.8815508698319459
1 1.76649028977698
1 2.6579014607521656
2 1.532014364884398
1 2.565662847120247
1 0.6739445006656631
2 2.6840248694679136
1 3.817354030506796
2 2.2550213488352457
2 3.8595999094213376
1 3.507163428448966
2 2.6591739540585433
2 1.2363746404561897
2 0.924390244729076
2 1.1892840370114348
2 16.44829659095747
1 1.7747769776812372
2 1.5895785705529968
1 3.635622100898251
2 17.561608486394345
2 1.8541935322440142
1 1.1038164573831792
1 1.1745821278354442
1 0.6169921496729985
1 2.526499104095823
1 1.4278892984435536
2 3.0413207916900102
2 2.350576436947011
2 2.1239439609928663
2 1.2553016398927344
2 3.8343577341584862
2 3.3065301090658057
2 2.7871515473614092
2 17.457063884438224
2 17.583368007557272
2 1.2170500194197107
2 0.8131006420508793
1 1.3485388480947542
1 2.039336580068357
2 1.7871466778801677
2 1.1788619742734254
1 1.5219978764037903
2 39.826273805982005
2 2.696728684196888
2 4.125791837629602
2 1.8956260959149343
2 1.308162371616121
2 0.8157454422365816
2 1.4059811989782853
2 1.5666881351516717
1 0.9315181016310214
2 2.3490259822598105
1 1.592539364352834
2 2.7680361743596364
2 3.656696891434422
2 3.0443868722863208
1 2.964656589865642
1 3.537858042317053
1 0.8511135526375153
1 2.8728696474219695
2 2.6325421918026306
1 1.603088193506624
2 2.0923744993194515
1 3.0889885368277494
2 17.15037926144864
2 0.8043718537387236
1 3.365136649439617
2 1.7565055648396886
2 1.6971409820143135
1 1.2836427245327828
1 17.813370825241353
1 2.0852737733918185
1 0.9399769774638216
2 17.728502647831068
1 3.075518429491465
1 0.5580761646252604
2 4.992345526151558
2 1.497020725179462
2 1.2864101532088277
2 1.485526715425911
2 0.9735887857640263
2 5.3785149708083395
2 16.60707793552505
2 2.779937158780701
1 0.6243601153253248
2 2.5808817640216506
2 16.968160270183333
2 2.209751854545176
2 1.338753437701081
2 2.4785954037268767
2 2.329681375194688
1 2.6092955917042526
1 44.354421035226906
1 2.9261065164574513
1 1.4062465966909938
2 1.899703517153177
1 3.022277608613959
2 1.4980238498838512
2 1.7837277343163478
1 1.4570982873436913
2 1.9217377005241365
2 2.1997529458400624
2 38.94766116981872
2 1.9582140204965461
1 0.7803975798248418
1 1.9961834535363405
1 2.9127943293743805
1 41.27576181782285
2 1.911716176412429
2 2.2459817215160083
1 0.23695936379175947
1 0.2922273203966464
2 3.412317971117768
2 0.6520912644055288
2 4.639940878949667
2 1.0435369477181546
1 1.570542935836075
1 1.2946464159480264
1 2.8633653777481074
2 3.1781108306823374
1 0.7518018422284036
2 1.8486068667216333
2 1.1936000874589159
2 0.8370523915113313
1 2.828415976365826
1 1.453681258217361
1 1.0356408975239126
1 1.6140217552518354
2 2.1472540442874135
2 1.431045910462549
2 17.441129386675968
2 3.8571697587775198
2 0.515718819078837
1 1.216959715692375
1 2.245796676725056
2 2.5548384274524953
1 1.642219598607691
2 3.375456098324856
1 2.353558906967049
1 1.9378409988162748
1 1.0070917279619904
2 1.4989191057971363
1 2.417197549522829
1 2.7769975338987813
2 15.729804197340757
1 2.2966641623271773
2 0.5060594678879684
1 1.255416435689187
2 1.0027499889045839
1 0.8320991965463974
2 3.479229433323316
1 4.602216268146661
2 1.9148864637524734
2 1.379931597202876
1 2.4469205130389455
1 0.45920173429365285
1 2.8217977180107257
2 1.1272166329592872
2 1.818341038407002
2 3.390718010850436
1 3.9425945034712826
1 3.1860487252655765
1 4.024923291990571
1 18.212224405198835
1 1.1845904860412113
1 3.86093968164916
1 1.908450449263434
2 3.474249411364502
1 2.2030546274096237
2 1.2669949310531885
1 1.3772165082853642
1 1.2900256097497316
1 1.851336970739895
1 1.909653608236782
1 0.6369794394776193
2 1.5107859633878196
2 1.0753821039221463
2 3.3320115287408534
2 2.9889796030169578
2 1.3425309157974392
2 2.09707233039003
2 0.6287290577637434
2 1.0090341247990833
1 2.376470801951677
2 1.7123758474765776
1 2.5708097137040644
2 3.0492137771902694
1 3.5994075710627693
2 39.18600188159028
2 0.5275140152659502
1 1.3144812162890622
1 1.5660688852277795
2 17.49293014512387
1 2.2348302057866847
1 2.4760810993658984
2 3.218853140797479
1 1.7188696573587818
1 3.4417198336311388
2 4.8494207896675805
1 2.8963736020683517
2 0.484507092183107
2 2.881404548127889
2 1.6539847116662072
2 2.740517224578046
2 2.0649930056875774
2 17.87671538068488
1 1.5283577051376604
2 2.8468509619950253
1 2.330687080697491
2 0.7696898610232764
2 17.279782895386866
1 16.045403687497625
2 1.634666403793921
1 2.4465919132152005
1 1.8294114493810296
1 0.7540768958430921
2 1.467798082851414
2 1.0238258509760203
1 0.8818777851960231
2 3.1029974218988676
1 2.2949215045996523
2 2.39455693107886
1 1.355730708489081
2 0.8456488500877201
1 3.1542394247925234
1 1.8155462441226113
1 1.1144335491696034
2 2.5094956678767333
1 4.3729764057870835
2 1.7709317944027583
2 2.6607359783064677
1 3.14554904886492
1 1.5485920881555673
1 0.17126598820682593
2 4.728294508601224
1 2.6144101999130274
1 0.5418783299738613
1 0.9714631239958168
1 2.2858429921732726
1 4.059745772823098
2 2.9845869852178732
1 0.8592285834999932
2 0.840948431224014
2 1.6054332630471673
1 2.5039003289953548
2 2.601447804063798
1 2.210392673519185
1 14.465223440804127
1 1.3833738314966242
1 1.2844744545038305
1 1.9964916188034825
2 1.492188720116393
1 3.792542758008168
1 2.381920533578106
1 0.7370055045912306
1 1.9168261652491747
1 18.020726575167938
1 1.3034104785652265
2 2.722939246257061
2 15.961426027155376
1 16.010384952202596
1 5.004813482401783
1 2.3402981030494656
1 2.070583310276392
2 16.813480499335512
2 1.1056315656032187
2 1.7619778210444432
1 2.2610653204900673
2 2.086994341848296
1 1.4263258559745298
1 2.9059561421728617
2 1.0779949020564288
1 3.0553389787330123
1 0.23220058646055916
2 0.9650065786921097
1 1.462158100814849
1 1.6071454386687487
1 3.544690869517764
2 0.9634593336660527
1 17.438009587989832
2 4.443366028749542
2 1.5160501473909742
2 0.8530956464143795
2 2.489725291321126
2 1.8968645475414518
2 0.5802429731780747
1 17.15624658507201
2 1.2865661937610244
2 3.5577108825051473
2 0.3671950830719159
1 2.811793083664227
1 3.1185422540982364
2 2.4618930443616955
1 3.416444509449002
2 2.410958581960185
1 1.0512998608167614
2 1.1387035993180041
2 4.072636749686337
1 0.580549097728335
1 1.412197718841126
2 0.7776629173954102
1 17.973680028258574
2 1.829272527116738
1 3.551429255564168
1 3.0752457033399536
2 3.3306867174868033
2 1.796828405014222
1 1.1690777982497247
1 2.785366877780035
2 0.3074511383949109
2 1.5103162017614737
1 1.1248817430396902
2 0.19075172169262164
2 6.32594620906621
2 1.0932459059330297
1 1.5296221281083364
2 3.2684920186158486
1 0.5865496183102481
2 3.685039795533704
2 2.6961530597227585
1 16.430931874517555
2 3.0775198459910116
1 1.8099458483077497
1 0.4982115105160309
1 1.8688543309589263
2 3.235532570272203
1 1.2621792790449053
2 2.0119662680855708
2 1.8029347059306973
1 1.1356842607715376
2 0.6640004978668278
2 1.5536551597126294
1 3.2739886832245433
2 16.48396600709949
2 0.8804510414116895
2 1.039710488728179
2 1.4200350494513125
2 3.291906412366236
2 1.3765890066675517
1 4.376120335651231
1 1.5189631439268312
2 3.4380576736498303
1 2.083969764467978
1 2.3942147881731173
1 1.372223737268504
2 2.2671577058090944
2 2.5360472376954757
2 3.679094435974419
2 3.031281249734348
2 1.435729611009623
2 5.1685225780482975
1 2.4993310770419783
2 2.065545516252388
2 1.0935063799175961
1 1.4188737635046174
2 17.09227404467109
2 16.835189489085458
2 1.7877173702105225
2 4.03520475893043
1 2.4876948533120724
2 4.768894392546149
1 17.262369876262937
1 3.9154263746548006
2 2.391229817071482
1 1.5930532019517945
1 1.3646758394380887
2 0.41237230341676684
2 1.790580672253531
2 2.1706716652145133
2 3.8516606485541414
1 1.1881955610549393
1 2.518499521429559
1 2.9297994337210223
1 0.9224524518991437
2 16.224328952054677
2 3.378627232267232
1 1.927806323682435
2 2.3900939595751347
2 3.2140262738550347
2 1.4805519480758815
1 2.5322791649649097
2 6.173236619703016
1 38.81953293469966
2 18.74461551176771
1 0.6806263386639024
2 0.837434608734863
2 2.1453318381299473
2 0.9203479248505033
2 2.0333656984782724
2 1.6495677512438682
2 1.1260030939805221
2 16.15413502641209
2 2.1517546658181836
2 2.7367965428666152
1 1.6511582739990902
2 2.0160447288713383
1 1.7897177869780991
1 1.547388957653388
1 5.036436451138804
2 1.406970233649984
1 4.302755715259879
1 2.7198060664060857
1 2.327759884048265
2 1.0457859022602924
2 1.50271930847044
2 1.3701959009169495
1 0.5858942879188979
2 1.7006773085903528
1 2.5146343953600816
2 17.75271684858498
2 2.1112039497466584
2 0.6776963536360823
2 1.058540754535773
1 1.7218777041978552
2 1.0757915928093762
2 3.2702374661686644
1 2.0362879103271037
2 1.3992683878874697
1 3.22001745299273
1 2.4851427502569177
2 2.0561520108088343
1 1.6816458725885557
1 3.3778052850984466
1 2.1921941110458847
1 0.805536625654678
2 2.8684783369600537
2 0.9371156397197643
1 2.555495040816891
1 1.2735774364124202
2 2.1266947460415158
1 2.3005172562919545
2 1.7889673640404484
1 2.0671453912857487
1 1.5635839058186354
2 17.059111587594806
2 1.694807356897053
2 0.6540638570248298
2 1.247280675406694
2 3.557696142283531
2 1.1933775486252007
1 2.1885299672499654
2 4.02274296425568
2 13.89001172957024
2 3.666076442958662
1 2.1858590385653742
2 2.673451234644455
1 2.2710253320266247
1 2.2657604810024927
2 2.1548845068780556
1 5.347191594003071
2 1.6068480406817003
2 1.2183605853304103
1 0.5547545551887096
1 2.422138681477616
1 2.2515229854136485
2 1.7793412861745088
2 4.370158649677485
2 2.1301354841851725
1 0.33141737185391346
1 1.5942194965488834
1 2.4807038629233644
1 1.7178735761927588
2 1.3464419177917706
1 2.811175595699447
1 1.9415910772753462
2 3.0143738643115285
2 2.196674631044099
2 3.7570931577933293
1 1.5476646486817724
2 1.7623978135726805
1 2.6985426424441328
1 1.1381134132062947
1 1.0890110243828786
2 1.7499715169631622
2 1.8196397234532096
2 5.229900918354442
2 1.3789749226829802
1 3.5955362180454076
2 2.3872376182461426
2 1.6453298206302642
2 2.6031705757824244
2 1.1257276765664306
2 1.2425787963098667
1 0.7495320050341361
2 1.417979238353721
1 1.4063668776267815
1 1.9603315344697434
1 1.624573501714351
2 0.9807534464701951
1 2.714759806145352
2 17.958118125331872
1 0.8311923254556473
1 2.5365190034381224
1 1.1544973203816182
2 0.9629828490284493
1 14.91994262018045
2 3.961589262515589
2 3.761216177669745
2 1.6566900781106872
2 2.838427139400531
2 2.0556892984351185
2 2.275329428287695
1 2.4174862367637693
2 17.55632827838629
1 3.8560329460700418
1 1.9826755984535047
1 2.6260343033310742
1 4.207051129814985
2 1.466977432233316
2 14.075731109183115
2 1.9270232592932228
2 0.5797141596868252
2 1.7368587738777015
1 3.477564367043523
1 3.3264777304394877
2 6.486419781816224
2 1.9634679269484467
2 1.2280486369248145
2 1.8230192058931354
2 4.382398925748352
1 2.983244852076871
2 1.8902761975903384
1 4.322794732316478
1 0.7717703751731656
2 1.74530045716128
2 1.9477304878026223
2 1.6339156197751639
2 0.6988433022105143
2 2.171253090680917
2 1.481082231833134
1 1.071526349774927
2 1.1490476086540993
2 2.6202551705126913
2 0.9354100394137111
1 4.597900417092624
1 2.283845012355003
2 3.931292232627217
2 2.069544074471125
1 1.9272000159335057
2 3.3298015502293175
2 6.525080731167941
2 3.238162259190462
1 2.6244372746285096
1 2.599262104249833
1 5.220088776306989
2 2.3473340112323187
1 1.3735015845598713
2 2.8100132451531294
2 2.4835978584373253
2 2.180758168903334
2 2.14738894867903
2 2.6595817237433215
2 2.266130917322531
2 1.6423565696382911
2 2.0736496248385197
1 1.6293134773563847
2 1.4955362696607162
2 1.5862340543455953
2 1.4980058196805186
2 3.196506974597352
2 1.300528818513697
2 1.0523015025601137
1 1.3136541824792811
2 1.629822936576658
1 1.4293875821849602
1 0.9272789948682479
2 1.3782071551787716
1 2.476851798568863
2 2.0819529815389783
2 2.2699077017225684
2 1.4115918258931455
2 1.3528706296700108
2 6.002216838204891
1 1.5169619261157508
1 1.5796098284967548
2 0.6292252770863724
2 3.6804723511004855
2 3.821874769693125
2 2.003066694598697
1 2.1837044294796213
2 3.79599694089964
2 1.5938134294207655
1 2.7666191412749344
2 17.5091725172252
2 1.9405897300855268
1 41.6945833622572
2 1.717518899301327
1 1.823119748706338
2 16.023539048032575
1 2.814542861941901
1 1.5694606329924712
1 2.3087157652067396
2 1.9375900551011682
1 1.4726589103272123
2 0.4150429582631771
2 2.9377724643897056
2 1.653967780101339
2 2.3758535073488147
2 1.0516256465806306
2 0.9124491952130814
1 1.7728268349504095
2 1.4958377958311644
2 1.9983041882776675
2 2.953373955720996
1 1.4815714066621677
1 1.2845092739379689
1 16.02194911117976
2 2.341265788813672
1 1.771287444270297
1 2.8619204028535967
2 1.207112492273583
2 1.6747205992211747
2 0.6651698483038452
1 1.5923863788335235
1 1.3038833375522743
2 2.5319640124824567
1 0.7937931388954999
1 1.9667040456269043
1 4.84340193506106
2 3.282886624591222
1 1.0744817373120226
1 1.7187452893136113
2 1.797677885511198
2 1.9280937365302775
1 17.966462852347732
2 1.2889117296924513
2 1.552095695043708
1 3.037294410180082
2 2.379376816718729
1 1.0841589804263774
1 2.44282248453008
1 2.4441542466863653
2 0.35649039638066493
2 41.94859328671192
2 1.8579341659238655
2 1.7665061576018584
2 3.461715712182335
2 17.790626196375587
2 2.786481856908084
1 4.368596660068963
1 1.7564635639067403
1 2.349373661175753
1 15.281352485375548
2 3.6528382289932146
1 2.8507406378364473
2 2.40775263211636
1 3.4101235422014105
1 41.13702347630893
2 1.5517410254747186
1 1.412707713941832
2 2.785818285209737
2 2.1520103370977983
1 1.0292589990850243
1 16.058854033979063
1 2.373199394041174
2 17.24829160627204
2 2.1718870569871065
2 1.4609825307681652
2 2.3003744096176577
2 3.9288244158445402
1 1.7911644493828887
1 40.080692541533786
2 2.128330367908865
1 3.043817020172413
2 3.5162764858127713
2 1.13976467328461
1 0.9243673784358343
2 2.745056626505915
2 41.57208512059116
2 1.0422086426798536
1 2.4215179225817383
1 3.1497841759996184
1 18.059510320095303
1 1.8879355684025907
1 0.23464221640011523
2 0.6382496548769819
1 2.1999145850344672
1 1.015213947828108
1 3.148834230495682
1 1.7196496456577504
1 0.39033215835505597
1 1.8395286138229834
2 0.9289898778243975
2 1.2653452263861849
1 2.9530478152509074
2 2.9572516521358216
1 0.616878834815357
2 3.134359123311614
2 0.6139420021784846
2 18.285882682769177
2 41.17294935334718
1 0.8019047050767321
2 4.781973447287945
2 1.5142568278417272
1 4.004197401034277
1 1.2666520692232217
2 1.6374750993828406
1 1.7942898256726527
2 1.9769296571018187
2 2.120956520048066
2 2.2968833558536894
1 1.4889186711511255
1 1.0730193428912442
1 1.583780726225709
1 1.7415459567371436
1 1.2963061195732064
2 1.2608457328181482
2 3.4166833524863183
2 1.944149657532853
2 2.2805462185010397
1 1.2766386544572053
1 1.8561304857814178
2 3.3135551013516604
1 2.5438397061016387
2 2.3818635236888386
2 1.2448617933270745
2 1.082706914675249
2 3.120184760569712
2 41.289797424113964
2 1.253226684893937
2 4.4203164424369135
1 2.289830533957536
2 1.3388009440040551
1 1.7254193096317005
2 14.034300350337572
2 1.865316815036311
1 1.9623496031074226
2 16.466485628188735
2 3.3761238992185274
2 2.869037248344506
1 1.33902579868602
1 3.3646297358813073
1 2.450765907708085
1 3.1936774754114885
2 0.7497623169752222
1 2.783734734236101
2 3.4593576806773636
1 2.353462550931249
1 1.9928871742728793
1 2.1163416902076766
2 4.2160773273440055
2 1.8279905614719694
2 0.6473378440294975
2 2.979255584221344
1 4.0752222754784775
2 2.2038753686183266
1 1.7267073900866898
2 3.2780858159531934
1 1.6821496440077854
1 2.5455556038338516
1 2.3941239845303524
2 2.210767368896622
1 17.662826538484378
2 2.06222981205122
1 3.543967783986233
1 2.2358781444369535
1 0.45761011996814954
1 1.9052991453638732
1 1.8294747541222254
1 1.5941960300236497
2 15.930795978347438
1 1.4214232340883646
2 1.3716679759911177
1 1.2078962732780232
1 2.942420475731299
2 1.8215559469378368
1 16.484168071126188
1 16.87434153244126
1 2.4166024501290773
1 1.5817353775884673
2 3.643876102689543
2 3.022701715384117
1 1.41278499320791
2 1.8105592067395508
1 18.072676783328596
2 1.5516183460344095
2 0.20760472853298798
1 3.4674269357005802
1 2.3039643173751636
1 0.49823575401672193
2 2.6477314418136215
2 1.3956576784484451
2 1.0766650174742771
1 2.3407599629905786
2 1.1341055524953902
1 16.897736821754403
1 1.8920639745499388
1 2.239075906696189
2 2.037622194600825
1 1.0732086591564944
1 1.3055634577919648
1 0.4437523522761462
2 1.5475459193397072
2 0.6350838006020255
2 0.6707082165544156
1 3.4406650915358363
2 2.459021179421183
2 1.8796549751880176
2 0.3015067951764902
2 2.8611724496815905
1 1.5135041703771988
1 1.6519124098758062
2 4.162676173316116
1 16.03645727254064
1 2.8211839733439343
2 3.1648900944416023
1 0.04866487851826839
1 7.082302331247261
2 0.7053366749926196
1 2.5106542404310144
1 2.4300811954581367
1 0.7960889857584799
2 2.823746943913001
1 2.1983909479255357
2 0.5723844095903253
2 1.4980980169764548
1 3.151090476279319
2 2.0878966109645294
2 2.273819057024048
1 2.1141001860233453
2 0.8616989831457046
1 1.1895773150477078
2 17.516471249309415
2 13.817385084158749
1 1.339144307716998
2 1.3534037426357373
2 1.6313108585773863
2 2.856153128141044
2 1.078213407807054
2 1.6662648407370468
1 1.7739757373167404
2 1.8206611480257562
1 0.9473797190118766
1 1.3919845502678876
2 1.5968931187744564
2 1.0538641944584022
1 4.049781624411653
2 1.133186415890166
1 0.6872313654453881
2 2.9797135255926572
2 1.8918364144854793
1 2.857383824929305
1 1.2479828946830067
2 3.6124273766060786
1 1.4009175956088542
2 1.4553362529126648
2 3.06247261013729
2 1.3218305005251112
2 3.7068003249288126
2 1.53285711341609
1 1.2540262247923142
2 4.026497646795119
1 1.381943215897894
1 1.8487437409121148
1 0.6704701243110109
1 0.9106786837219111
2 2.6430894220316734
1 1.711280010232684
2 4.741668942911342
2 1.473579542352013
2 0.9216393888728148
2 3.77462150732674
2 1.818711252565649
2 2.3962352258636708
2 2.1119792439688485
2 1.432131203501775
1 40.291262822745345
2 1.224310752712214
1 3.3742931135840704
2 2.1696170464684505
2 0.5559120942204172
2 0.8755325532013637
2 1.3035060957873152
1 3.630111807908126
2 1.5857151758174983
2 4.303128044280702
1 0.7340232657078003
1 1.0839689208922274
2 2.324813694050342
2 0.6280392579651395
1 2.92524561098951
2 2.9088031736117035
2 1.2696051581137284
2 1.2041595644631053
2 2.817104148064742
1 1.21121511115247
1 4.010902050556758
2 2.803406485162512
2 3.542110459887653
2 0.608748457887607
2 1.7754397325793738
2 1.3076390536294196
2 2.12914996596951
2 2.3828290003546098
2 2.1550220629582384
2 1.293351506338944
2 1.4397620163191407
1 0.5604173486367822
1 3.2556933431975046
1 1.1336817660280476
1 2.81661132996267
2 0.8606570469501883
1 0.8824381303503449
2 4.928069865192801
2 2.434462680351235
2 3.2940412614741685
1 2.1800050695479
1 2.4238678392283792
2 2.818847680351173
2 1.9812454548843377
2 17.177363857605833
2 2.604580238184463
1 2.24767597263726
1 1.0344690802195462
1 1.3737698255098256
2 1.1793198575442716
2 3.382286030048841
1 2.0115244738978775
2 1.6792897830223084
2 1.1064290801585512
1 3.0703112116752656
2 2.0449637539461443
1 1.6074200425977156
1 2.890144456326058
2 2.073416964302494
1 4.67994196711624
1 1.978306188777485
1 4.495501266399554
1 2.5979448231903377
1 1.1996410912171571
2 2.682188201378149
2 3.3673993675570393
2 2.123071490687491
2 4.529941961232198
2 1.4543304270408917
2 4.9923530117415
2 38.95366256297776
1 1.2869169670038767
2 2.2838129967845364
1 3.3013143403600465
1 1.7286959163994615
2 1.0754378366807607
2 15.258184322127258
2 2.2357905335692907
2 1.0091411328394893
1 2.2191087490273476
1 0.8271455467158685
1 1.1088458655281284
2 1.1102549404159174
1 2.20461711616796
1 41.21254982817004
2 3.049605428482951
1 2.2896634942118808
2 3.441809111248357
2 2.463007532600764
2 0.8999795262593373
1 16.934652768969528
1 1.0156701020550158
1 1.0170715703981192
1 1.4545199585925161
1 2.0577754445473926
2 2.2259491343150533
2 1.2009293474568057
1 1.9350076639628337
2 2.4949350777068866
2 1.1805484290298054
1 3.7404041455371893
1 1.7004611772138973
1 2.407398268754364
1 6.074403026329197
2 2.5383777378105092
2 2.7349269017843163
1 1.8967087418207838
2 0.6925959967414039
1 2.317421918806068
1 1.1969074782937392
2 1.5560575822483476
2 17.049103288007736
1 0.8830502365528847
1 2.203726746938663
1 1.1657275610832376
1 2.6719195459776204
1 2.1326570013457293
2 1.7746219646372052
1 2.5901161272421147
2 2.1093043710340464
1 1.3692754500330102
1 3.8262537905580385
2 1.9780483695976483
1 2.1290708994920555
1 3.9674684211140105
1 2.659987962351719
2 2.524786572852965
1 1.3335141054026503
1 2.103649338190456
1 1.7144168305103584
2 2.0468558219362576
1 2.9449369278740036
2 3.0220697822667626
1 2.8313669633680454
1 1.5972977297777753
2 4.0743499586231335
2 2.9834067372363684
2 1.042849062202447
1 1.3928442539609474
2 17.568058194512393
1 0.8821237308884067
2 17.16822199449214
1 1.3844112940330984
2 1.164274593295402
2 0.9158931733923348
1 4.055289942203396
2 16.486196944436696
2 1.9829362509325335
2 0.8038356441390624
1 3.845273786974463
1 2.0854398905935163
2 3.436448944018215
1 2.254315084672381
1 3.0230609421566115
1 2.9038242045677505
2 1.3079574063446628
1 0.9365642775384105
2 1.8226705992868872
2 4.561457793801353
1 16.671279504384785
1 1.4459247959282344
1 17.116032167762857
2 3.173937035224149
2 2.481517854473096
2 0.6951730538324049
2 1.8981459683448245
2 0.7919530335346715
2 3.4188573553165162
2 2.2554369833847563
1 3.1497864118197776
2 3.6206573868223177
1 2.9940043252526296
1 1.5843816519599208
1 2.407321124653967
2 3.1067890710695667
1 0.6500523914006355
2 1.7768015421356123
1 18.070902465179824
1 1.786831791884585
1 1.4644292764274236
1 2.274354142918562
2 2.9040596107190786
2 0.39832408167956784
1 1.1943659444225232
1 1.8997847972547428
1 2.6542798529481617
2 3.7419360652190927
2 4.584743319254356
2 1.4796616039114157
2 3.1012114553012813
1 2.9080801825486247
2 4.556319444442541
2 16.65115547833498
1 1.2396985906942057
1 1.645040899829862
2 38.86476338602653
1 1.8818932589786626
1 2.0642744562821607
2 1.1596867404946263
1 1.14244391599335
2 4.456282880909769
2 1.1609795204052538
1 1.2187219189292204
2 16.9479880167122
2 1.569112306930816
1 0.9070698094433833
2 6.54168593366195
1 0.9488081083765637
2 3.0682083175534793
2 6.178590462119873
1 1.0486276594781092
2 15.95034479860319
2 1.164588767729375
1 3.488172585613134
2 2.559165216235864
2 1.1854731820930804
2 2.076841761797503
2 1.0720814672365386
2 1.019303827619435
2 1.2075479633347748
2 3.641232581956581
2 2.1934183494795065
2 3.8126711395774495
1 3.790004424917884
2 0.8169776032179209
2 15.404037801673928
1 2.432839278826701
2 5.221971428058352
1 0.747792947106429
2 0.444465253326184
1 17.671842853495434
1 3.702067662428912
2 2.592820866350561
1 2.573121582697535
2 16.704706598438882
2 1.4612002865648939
1 1.8902900483669696
1 0.8004289439968787
1 2.24115867898514
1 2.5490084565949878
2 2.3231816505356107
2 2.6660890824512675
2 1.8739590197492049
2 16.80309153341127
2 1.1439927466167346
2 16.098867987264594
2 3.79210979317628
1 0.537181334295898
2 2.6971191054186687
1 5.167550876340846
2 2.7401872010244137
1 17.03190396837093
1 2.777857097843913
1 0.9635836923775268
2 1.7640480444917075
1 2.6795749646266764
1 2.910308419650421
1 6.284265274437235
2 1.0823335666413827
2 4.138007907881388
2 2.611639611092812
1 1.915987246663424
1 1.0875917971905733
1 1.0836890719705692
2 2.7933721934842057
2 2.3221015726550407
2 1.6663222467380694
1 2.1402444398596243
1 15.086920881827057
1 1.2311672529429405
2 1.4822800647984358
2 2.731894297439373
1 0.7671037772418139
1 2.2568519218746306
2 1.1318853985785078
2 1.503924605832044
2 17.305171483787362
2 17.97782888142948
1 2.1463904630102446
2 1.2496517717024522
2 1.631944220311592
2 0.7020488821799968
2 15.672654072418668
1 2.739522406276267
2 2.2386114006975433
1 14.819913458361922
2 3.1184407222116475
1 0.8208958864987901
1 3.631927847421886
2 0.6219079369771485
2 1.0007366434544023
1 1.6349423403996013
1 1.7140756985930468
2 6.011630186376105
1 1.9836726886947504
2 1.2120248534435634
1 2.8170610524477677
2 1.2777034282598176
1 17.363135319176845
2 2.2930946780730506
1 3.1718598131527975
2 4.220933425038171
1 15.928474925318676
1 1.3498339779916912
1 4.107716085739461
2 15.688970743931062
2 2.363140562064247
1 0.9306445932512866
1 41.26628500389957
1 5.84928132527463
1 1.5559569377629865
2 2.301352988994378
2 1.4696021736967284
1 1.683269281250669
1 3.4972532270455443
1 2.61634832764717
2 1.0962718970075433
1 0.3065635095299774
2 0.9282241041212602
1 3.6470590183432225
1 3.4759903724855556
1 2.358716603832328
1 2.508733877715565
2 1.0001709698499395
1 2.020995778953159
1 16.70636765543629
1 3.3757968190772742
2 4.672663113825154
2 4.225520023914983
2 0.9303757462911074
2 3.2827422442420735
1 41.40914009671274
2 3.0002898553427104
1 4.3529344462389465
1 2.750235312969762
1 0.7532571296097236
1 2.5977973647953325
2 1.7023791948861482
1 1.3374509907855476
1 2.081456436758909
1 1.235245627661586
2 1.882758552209889
2 1.3760094784213162
2 1.4732037011556485
1 1.8078908655128563
2 1.3344074957513719
1 1.9702368596873818
1 2.248869430265302
2 1.3506931931766628
2 0.8987169642283803
2 3.3886821206501736
1 0.7962233059308873
2 17.624599235953156
1 0.32043527282621126
2 1.9452491741214408
2 2.4737517893619194
1 5.385005662828957
2 0.715705239337067
2 1.810744998015158
2 1.5542386965796506
1 4.724759596248619
1 15.898277993257269
1 1.962540234714429
1 2.193878126435748
2 1.8894419163018694
1 4.356297813369066
1 2.7167576010646703
1 16.44373230278811
2 6.972452774347334
1 1.435938813393499
2 16.050194842805183
1 2.3597135542559142
1 2.352148200991362
2 1.421040975008704
1 3.8868179660561664
2 2.6290920721310287
2 16.542913057211308
2 1.208365062601237
1 15.916158114107102
2 2.856400331016031
2 2.457761148181925
1 1.9209734972453425
1 1.3659115929946877
2 2.341843306799348
1 1.0120932471552162
2 2.912123954605667
2 1.8040726254933284
1 1.334339008288361
1 17.340095799062038
1 3.293615258380564
1 1.7322409852688205
2 1.1221525746131016
2 1.8362881925182706
2 1.3452831800374194
1 0.28873999986381316
1 2.4308081561991015
2 1.3665025579175658
2 1.3526630927455512
1 2.3536609300379236
1 3.217001011855236
1 3.2534312098021583
2 1.7058526659336437
1 1.7623957884797665
2 1.352106037338735
1 1.854433367459667
1 0.26912043620989123
2 3.1523976036062997
1 1.5826839821452976
2 2.960532506568133
2 2.604121784903515
2 2.380093046486758
2 2.546724544190363
2 16.674476572767574
1 1.1110048435501383
2 2.0488973324102986
2 2.924971719964263
2 4.048703034101612
1 4.833852404960485
2 13.954530108585026
1 0.7885116073227657
1 17.116403995513146
2 1.2538829615068907
2 2.8481575027570982
1 2.151870982144722
1 1.1969339300552113
2 3.0967079374101636
1 1.8067015859091426
2 1.6465285129904266
2 2.518156096996366
1 2.527115029846595
2 3.2013460797861466
1 3.5902528379826886
2 3.1270371948079747
1 1.5842425696492484
1 2.428798623866273
1 5.929925422723878
2 16.838892570299162
2 0.7208555829579213
1 1.3864357655808794
2 3.059435705543792
1 40.95359613599417
2 3.324100966794495
1 1.3991108885339825
2 2.370011338767689
2 39.552052864566804
2 2.1535256637736384
2 1.1324351444432954
2 1.5709324566689131
2 3.6088323257766763
2 14.594855574898588
2 2.0296181780303835
1 0.7419967372544973
1 2.3194837529854833
1 5.9708950776353475
2 0.9327887296549229
2 1.6558292443728917
2 3.5528124437777553
2 3.063118351013205
1 4.5944725078810125
2 0.4034778730189452
1 3.791808506038188
2 0.6033322816097417
2 16.19743626362403
2 16.638490691829347
2 5.510834196340866
1 3.1776981079450572
2 1.9639496048192826
2 2.1659707146513445
2 5.21142844268477
2 1.9291235150719797
1 1.7971888860548897
1 1.1051936094790178
2 1.050966426523958
1 16.78912464903457
2 1.8043137964134826
2 2.464209851280017
1 0.6681848322058096
2 0.620978660499649
2 39.832654830599935
2 39.06620328046734
1 0.5811778141628734
1 2.0756808733445524
2 2.9267489999793597
1 4.183494758564129
2 1.812411704053223
1 1.3436692786666717
2 4.4831350465040885
1 1.9036003053067154
2 3.512387121987878
2 2.277096642774672
2 0.8105462589630615
1 3.8630012579979947
2 40.489856992672635
1 3.3465480278604542
2 2.1665242732863144
2 1.5552604749715109
2 3.710373714424791
2 41.30106241382552
1 2.082718520070529
2 1.8541355040760212
2 3.6231314303152145
1 4.026708927307892
2 1.0638886463836088
2 1.3856583231186763
2 3.9051236222527286
2 17.644289643950337
2 1.700208856799287
2 0.5876648517685666
2 1.3448727743236397
2 1.460743663498313
2 3.7773255210372256
2 0.9396364160081756
1 0.928850065272642
2 1.1757147065329716
1 1.8346273082535853
1 3.4009557296048665
2 2.4231805994472633
2 6.329228185117155
2 1.5966078242124844
2 4.341813012918358
2 2.691653394244313
2 2.2889489472033078
1 1.8890076572316035
2 3.3227213267299147
2 1.5209754158035633
2 0.2706547543782994
1 3.6832200419523815
2 1.3781670170507883
2 3.4390408544065663
2 1.4993005992306145
1 1.962201807323991
2 1.7531793543459473
1 1.5992810844498977
2 2.563447410536196
1 1.700765332721652
2 3.1456385081353284
2 2.0562458416470863
2 1.6509235951424959
2 1.9619967757899026
2 2.4931346345003087
2 3.8148255332143566
2 1.864280452940248
1 2.520404765849133
2 5.930426296092548
2 2.388050416653871
1 1.307595784183723
1 2.1355721859969146
2 2.6458657993197665
2 2.152037768234148
1 2.734259941870823
2 1.9225926107722193
2 40.1260182743949
1 41.31694296133965
2 1.9548170268688483
2 1.5179403682432644
2 1.6449917907960374
2 3.9896575776286127
2 2.4244438075153236
2 0.30285968531659263
2 2.6452524277787584
2 2.996890291885708
2 2.5552965050362055
2 1.8891626675586712
1 0.897693729866346
2 3.1674548601646344
2 40.76001405216051
1 1.9937728820238279
2 4.846981086657229
2 1.723574085320628
2 2.0890116355455586
1 2.2125034501869054
1 0.5140734296423535
2 5.388147173907937
2 0.9550285376877936
2 4.92287457771769
2 5.520864391640651
1 1.1104812561171746
2 0.7194609761705413
1 2.784878387295607
2 1.250642559699225
2 0.8172847052085689
2 1.7788076514478295
2 1.1742261265989398
2 1.5911091745302104
2 4.779393972805422
2 3.657022195344964
2 5.2961285101652145
1 2.419764584377788
2 2.389098424184775
2 40.206325906707725
2 1.8736412563603264
2 1.0325276915786477
1 1.5251902262016623
2 5.241290835677567
2 1.5502617919944188
2 2.756053094157208
2 4.248283022982161
1 0.5504860011698623
2 2.626884013002643
1 1.8964180969194853
2 4.197370613590477
1 1.431195015726371
2 1.3809233799030445
2 4.080140829640484
2 1.7541544009377374
1 4.608876499938143
2 1.6590808055301265
2 3.940871204741051
2 1.9886045234798757
1 0.9743281797425839
2 1.908578801547138
2 3.498459930770896
2 0.8736670346855263
2 2.1144540879763998
2 2.297609338671385
2 1.796030692077457
2 1.5678185244043283
1 3.081254697350794
2 2.780668448345436
2 1.8527903925747424
2 0.40074502788974
1 2.708229931383434
1 2.2959898465211803
2 1.3639428185970925
2 17.68234485945668
1 2.2238901771895287
2 2.1953093591899058
1 4.688068413886094
1 2.1431445983232162
1 1.2881207512029589
1 0.4004921319571794
2 3.6388346938541454
1 1.7660406792671002
1 1.1149526959259264
2 1.1133359891490224
2 0.8573954875523266
2 0.812350554126577
1 1.3655790050340721
1 0.8758013246240577
2 1.5482222974858397
2 3.2667375284834894
1 4.493804874275192
1 0.876010998899579
2 4.358689228367526
1 1.4896208372018505
2 1.644688624920802
2 0.7908423693746441
1 2.709873086957896
1 2.026618977621073
1 17.812832046463537
1 1.737287627589217
1 2.620503499981617
1 3.0498549408963327
2 1.7424091869875775
1 2.0459335072445253
2 3.4819093062148387
1 0.5300494290278996
1 41.54382906848901
2 1.9235805516621127
2 1.7361351433540604
1 1.7495693710556612
1 1.4069917591615622
2 1.1240386357642254
2 1.0430106998838544
2 1.4052573713654082
2 2.297379880868418
1 4.493891442417748
1 1.6828316949125823
1 0.8245041495533008
2 4.113644069663519
1 1.7384282209543611
1 3.7023921590044973
2 3.855539889875367
2 2.040304919018143
1 3.091171874623827
1 3.2756471856376397
2 1.390440398974338
2 15.873334840030694
2 4.4689732094404615
2 2.449139118725754
2 0.645912891013095
1 16.907388759336314
1 36.8923484444453
2 2.031808120883615
1 2.300119828039556
2 3.5338299572520313
1 2.6900185245262134
2 3.1721293383507483
1 1.6777518192876204
1 1.4176940819037205
2 1.4160191283014596
1 3.682504311708608
1 2.0848618382005197
1 1.1481507462282137
1 2.385665700490184
1 2.1539851330742357
1 1.6410944308933215
2 1.296084352820659
2 2.02936505360217
2 1.9559349971178028
1 0.97614485435339
2 2.6282813435328136
1 1.8450619907222816
1 3.3233196999451464
1 3.3866605608923233
2 1.477878871689615
1 2.3229304642933877
1 2.061431033378764
2 5.886656332796252
1 2.799230104789006
1 0.9590901597510381
2 3.576835429168731
1 2.0021204849530068
2 3.2586241333155206
1 1.7475147489486798
2 2.1091922787248203
2 17.935547282485725
2 2.7541068684166556
2 0.8021435113009451
1 1.742969609929162
1 1.2722700929503419
2 1.1500864997203606
1 1.9171310062907956
1 1.1793012112448475
1 2.1806557212045328
1 0.3478320931529868
1 3.1230946105857416
1 2.2443066483652303
1 1.8206539784279843
2 1.7368045412942998
2 17.527498606194513
1 0.7294470207849117
1 2.1091266555712904
1 1.822653213856055
2 1.193185049220463
1 2.663450454248405
1 1.836577144185061
1 1.9358208007864213
1 1.5995078124603415
2 2.8661370620857234
2 2.6672098277124054
2 0.7449462581477317
2 1.4647252659394354
1 1.029807546721899
2 15.461041587974313
2 0.8748831585003468
2 1.9323187678538525
1 17.27433638271993
1 0.775074585184971
2 1.987261142967891
1 16.162603443582856
1 1.3969761000116696
2 1.5114460871270075
2 2.9940432614043457
1 18.066351961191156
1 1.9377386272444075
2 2.8234319040594764
1 1.5823818880275318
2 0.686377592945165
2 17.095675420912617
1 1.643853485742429
2 3.3792476370674502
1 0.5256702320227836
1 1.0390214335007764
1 1.9780104894710493
2 2.132041602016511
2 15.188965865278316
2 1.2746774293173069
2 3.769405581130857
2 0.9246834341408805
1 1.953510598626019
2 1.4787129355108184
2 2.257814828402801
1 15.273350291353662
2 1.734708765319427
1 17.710664269701947
2 1.338240468257193
1 1.414662828990354
1 2.552473673020423
2 3.3867267442054025
2 0.9480598468416217
2 1.884507829379847
2 4.082292883793802
1 3.289747274023642
2 2.2873635396891725
1 1.599280522405329
2 17.043387427776377
2 2.4946063950743183
2 17.29660651591932
2 16.839395989824354
1 5.060305101969938
1 0.6875419955077003
2 0.2944221289527772
2 1.798997000275259
2 0.8753523600437997
2 2.459465875766654
1 17.220424814059317
2 2.280558540641085
2 1.153223274484855
1 0.2096103757785114
2 2.4222541146194336
1 1.263225514034093
2 14.754620382970986
2 3.011916913710311
1 1.9835412188895964
1 0.8673378419231662
2 0.2272158215235527
1 2.2009343333696836
1 1.7176814805851188
2 4.063519036276416
2 1.4791202451814773
1 4.297986770289933
2 41.756090971348364
2 1.7369483086062927
1 0.5133373622874159
1 1.644703313945741
2 1.7610341116299413
2 2.7846986603321526
2 1.7370672513676686
1 5.041517918389564
1 2.461692158659392
1 16.324181618954896
2 1.3896808227879895
2 1.655087466016001
1 1.9064029881250364
2 1.8848131582176864
1 0.9872692494820983
1 2.790058114622959
1 1.1102588610422743
2 2.3577106399857475
2 3.7222558987573935
1 2.0981344998801608
1 1.7356412855172942
1 3.900589642496846
2 3.2592347014750525
1 15.14837754044342
1 3.9829859111546706
1 0.911730222054642
1 3.6226246176767534
2 2.5588165976389945
2 1.9444467834292833
2 40.907599420804765
2 0.618048399750337
1 0.8622190938974189
2 1.6569951929706854
1 1.493980585461162
2 0.9989290743129509
2 2.70846814951698
2 2.8770705709135544
2 0.8433614645761105
2 1.1729896996900344
2 1.7248647137669917
1 4.533227828155982
1 40.87297096954419
2 17.391701571777382
1 2.0776153458386704
1 3.1114287508792735
2 2.9091867677928165
1 1.3993418276754455
2 2.8273351538428892
2 0.6005828058956088
1 2.480985903666663
2 0.4694551845364302
2 2.200536398792816
2 0.836919951621855
1 1.7336497468912093
2 2.539821184247339
1 1.821480088279211
2 2.7693222100762647
2 0.7104109284931637
2 5.91462468401125
2 6.0020160534489255
1 2.1081054952260345
2 4.041524675136749
1 40.85095007407207
2 1.6997247970446459
2 5.14935936612057
2 1.4113726512554112
1 3.9094156992559683
2 3.6012924433267175
2 2.5954890281729304
2 2.3952008562870226
1 5.0643947279850705
1 1.6028637257794671
1 2.9529575995376174
1 2.4314786558754835
1 2.3038335562888124
2 4.120680349820389
1 2.0764158828484067
2 2.09199637976412
2 1.706259845973164
1 1.5167449778794857
2 1.6478217993916993
1 1.5738345690523186
1 3.058252852257549
2 2.8458074836586666
1 2.063918677259999
2 1.4259082563133207
2 3.052033222479279
1 1.0239305963847531
2 1.0723777341022462
2 16.96307437204599
2 2.994339502427168
1 3.355577778474806
2 4.049777346894333
2 1.3206023178085622
2 41.64306573466824
2 1.6438651518877014
2 2.5993879816923924
2 1.263353342847499
2 1.273045754282448
2 2.9694430558951406
1 40.909019846359016
2 1.8986053308381166
2 3.2314748841108116
2 1.7239781793803448
1 2.348737174095905
2 1.9543165961350628
1 4.74519800243672
1 1.4481292239829782
1 2.9312612509205533
2 2.779246030859258
1 1.4802860902634267
2 2.0905735105494525
1 1.689199340685894
2 1.7560274105103495
1 2.2043075183818583
2 3.315996423654832
1 0.6731260257497926
2 4.890677630449684
2 1.9894614021274066
1 0.994519735189213
2 1.5968907490938486
2 3.7781217787596506
1 0.4257833331503636
2 1.5991816460301342
1 2.0766446441925073
1 2.2820593854728366
2 2.7787007028017365
2 14.991325496015717
2 17.23574873675115
2 2.6251329697656205
2 1.376602723980377
2 3.00175218817392
1 1.4408527465995766
1 0.5138307135419019
2 5.416259352072582
1 1.9547716223918263
1 2.8497705727846894
2 2.7412896090448884
1 2.0779279310214047
1 4.209742063931727
2 0.9714869686510335
2 0.5001938764073346
1 1.1756540843485792
2 3.1239995191100594
2 16.52568000734748
2 1.2816985661065157
1 2.2302648202619846
1 3.2214495554494613
2 0.7053247540464813
1 1.43604122957247
2 1.6752633518019922
1 1.205540066861285
2 1.6477799226448406
1 1.0914821287704872
2 2.1653471458508955
1 4.46285228473051
1 1.652732869641344
2 3.494438865390055
1 2.6600739424387716
2 1.7252227562143014
1 1.0169703126865455
1 2.3534216253849842
2 2.335613396877421
2 0.9955243831029416
1 2.4617307167864673
2 0.8061021353276097
2 0.43125892933575927
2 1.903011027063171
1 1.2250691814912233
1 0.46190968255314213
2 2.8885928002529107
1 41.647491754509694
2 0.4987948865123675
1 0.9392175994516253
1 1.207985247159924
1 3.6867644131052084
2 2.3851933509164316
2 1.78775964826797
2 3.616892663088087
2 5.6723639544213915
1 1.7367065396004615
2 2.3693484074908504
1 3.336937236125105
2 2.7248063347600637
1 0.32159265490818395
2 4.261416767385974
1 2.2947155237581027
1 2.262768337890646
2 4.19910689412031
2 1.1101916268676524
1 2.183809814531307
2 1.532339864273237
1 1.5933421025176657
