average displacement: 1.1012120320164387 A
simulation time: 10 ps

Type    Displacement

1 0.4267908862377085
1 0.5639952517896395
1 0.6256277421521231
2 0.23660788700955981
1 0.22839438496560807
1 0.26103690778898153
1 0.46855417662728654
1 1.8822145458215847
1 0.6520898212668335
2 0.618618223629984
2 0.5987488989595264
2 0.9823666309373625
2 0.3743404168261417
1 0.8567406048895204
2 1.3898985329677476
2 1.788218455594334
2 1.5972663735875863
2 0.2283691100580304
1 0.5210344681041352
2 0.504675701366802
2 0.5830138794542393
2 0.2467528774449252
2 2.9896379986070416
2 5.4184221597603575
2 0.5625551204955982
2 0.4237846642529264
2 1.034748135062867
2 0.5125139928936743
2 0.9869902487893466
2 1.441243379385841
2 1.0166750966888263
2 0.5889499039537023
1 0.45717438196210647
2 2.4084942848156894
2 1.2435593104307567
1 3.355905877250764
2 0.3479403061561228
2 0.5054406415067882
2 0.8390257852719657
2 2.415908527279033
1 0.5440579789366845
2 3.1602173607061657
2 0.9211314036103507
2 1.1057986203319192
2 0.5098428654396286
2 1.0687354386333898
1 0.29416306203363063
1 2.525976524056464
2 0.8327305429891808
1 0.7653347597423935
1 0.7936842984600011
1 0.20924323329678582
2 2.2874240351545305
1 1.7852009348691673
2 1.5657853727533075
2 0.6604194278039527
2 0.5445929558994799
2 0.34381027346774257
2 0.8285885581751622
2 3.968348290790193
1 0.4234356882952659
1 0.7115018590585463
1 0.44316245667741805
2 0.3232251234928354
2 0.33138309290320994
1 1.6837087565838713
1 0.41547742531927845
2 1.4813123652074436
2 0.20248985518312548
2 0.5928761014380179
1 1.678679322495139
2 0.43156768796562867
2 1.0181145787850443
2 1.054193608758558
2 1.2495916849775481
1 2.635578897848366
2 2.8725364724275466
1 0.8193502411753961
2 0.4899980514371692
1 1.295250065810697
1 1.317626423535746
2 0.9460727771603156
2 0.5124673762686248
1 0.36420178854573054
2 0.9047348304763162
2 2.3884226066153205
1 2.2838795377451078
2 0.6455551149358317
2 0.5036599396164428
2 0.37546427866982235
1 0.619847374226667
1 0.4510254105709692
1 0.7605845247580962
1 0.500191474727087
1 1.717559584928893
1 0.6377066705727007
2 1.2047170436651011
2 0.7296069032993378
1 0.3704526113688241
1 1.4443175122065184
1 1.803826353876927
1 0.3666390584606714
2 0.8432176104898207
1 0.6697181410557029
1 1.071877071294872
2 0.44123959803606155
1 0.43700681565143784
2 0.508971294324881
2 0.7859592589389721
2 0.48833703321132277
1 1.5255485381843923
1 0.6124039362223427
2 0.8579634225485299
1 1.6077852721863855
2 0.847871422693465
1 0.46755272716889085
1 0.6172490745025754
2 0.5966317055100935
2 1.4144778990474105
2 1.2773079371773164
2 0.7830738083771203
1 1.409983912170614
2 0.4319420592751386
2 0.19829053101610378
2 0.4626751924993913
2 1.0348906295996627
2 0.5212345183341736
2 0.6582614911864506
2 0.6835529855411596
1 0.9840260131662275
2 0.6241131962120915
2 0.9397341077683802
2 0.590119364684735
1 0.7111971085852077
2 1.0278819988513634
1 0.36866690512074063
1 0.688935781611336
1 0.73544417788241
2 0.6361948005629836
2 1.167393528306144
1 0.386549437168551
2 1.2932765459167364
2 0.18628367928057638
2 0.6932274247133113
1 0.6317119328715199
1 0.7341414270805754
2 1.1673833580417996
2 1.6013876271579448
2 0.1857262046883785
1 0.2916830137211858
2 0.707348444542394
2 0.4432674146732867
2 0.5523334835828516
1 0.48838482155514806
1 2.3200209472213245
2 0.35668618044220585
1 0.6425715268869043
2 0.7377626839517787
2 0.5183267294677449
2 1.6049210505200706
2 1.88762039192052
2 0.71475624791196
1 1.2163233481131244
2 0.8943286517750125
2 0.5475927072796443
1 0.9866778834575627
1 0.7003738943241068
2 0.34975042404668844
1 0.32549336701991716
1 1.4754860700256023
2 0.2743446494229556
1 0.9317613586402139
1 0.5339407008141033
1 1.3211971404174945
2 0.30619939958022435
1 1.0091835216940406
1 0.5202423878716942
2 0.4950175612644249
2 1.7688715340164594
2 2.045094509130288
2 1.1108091246483636
2 1.032805937485702
1 0.19306154343437618
2 0.3280332105210223
1 1.1423538934740662
1 0.711813480136303
2 0.7640283537064787
1 0.4552977528545564
2 1.1715819107119803
1 0.9126281383427083
1 0.8084387319951359
2 1.1052639458936484
1 0.4385569509686495
1 0.8386452784416842
1 1.8942622479248552
2 4.83591525102334
2 1.1320919110028562
2 2.408443407543774
2 1.2631354275597941
2 1.2117908682675202
2 0.32614832193115667
2 0.8552823225046811
1 1.0947682772324026
1 0.4512232946234356
2 0.414987886518259
2 0.4906506993477972
2 0.39480973603369596
2 4.036839931296778
1 0.5892406035221656
2 0.6842596973127212
2 0.9064988349255152
1 0.8378699373606786
2 0.6618593909659269
2 1.5157899614889239
2 0.4846396180284748
2 0.49168473427572146
1 0.6329416973118384
2 1.964260462074269
1 0.5076132090035341
1 0.31137474092541634
2 0.6374099436172679
1 0.689145443017539
1 0.808072514403018
2 0.7007029856985878
1 1.1265658694209164
2 2.798879658671529
2 0.9064496222224943
2 0.3495564564516662
2 2.286438024689344
1 0.23621890720635882
2 0.9518760759706999
1 1.380152171370012
2 0.4806756724726133
2 0.6302198193380383
1 1.8945337581198183
2 0.8532587571670991
2 1.3322046616891148
2 0.2225869663737086
1 1.448201004757505
1 2.2932471612387464
2 0.5264584258559442
2 0.5307995639655002
2 1.3261805753430043
1 0.5309845208309417
1 0.5639572468220911
1 0.42788092997535754
1 0.46451668561541987
1 0.5022242836713849
2 0.6930235339819162
1 1.0605249938650707
1 1.2172519941582431
1 0.7120258310520734
2 1.1132181652670947
1 1.267220472468635
1 0.9082071902718597
2 1.4070571570037627
2 1.8662361448176832
1 1.037665157625175
2 0.5033536476732484
2 2.8460622574398604
2 0.4196496077932037
1 0.5041907211882792
1 1.908818125391239
2 3.8335992764670936
2 1.4835424090509846
1 0.9436903697657908
2 0.5424581617629597
1 0.7195675703377163
1 0.49597401520466355
1 1.3509239817061998
2 0.6835157588331335
1 1.0315187142618398
2 0.43460023378633783
2 0.6303448889599792
2 0.5015797464415268
1 2.509042626216224
1 0.6825576370837948
1 1.0973014972437134
1 0.984301011952225
1 0.3266062216095969
1 0.6153435653395903
1 1.179096544669866
1 1.2846453965101117
2 0.1324161565634042
1 0.37294936931219197
2 0.48664346698532573
2 0.33762512627386965
1 1.1983629469506307
1 0.37096789771143457
2 2.73882903382877
1 0.7776653769957793
1 0.8678906575953492
2 0.5460386457088765
2 0.3826836493201208
1 0.35760398074316735
1 1.927243590196004
1 1.553132756998304
2 1.1507119410410582
2 0.5288583329130189
2 0.7025300667089726
1 0.7533473636884944
2 1.9191900536020137
2 1.2285256142947174
1 1.1712584567205124
1 0.7548123110369783
1 1.815207606390938
2 0.43869340408481855
2 1.403954377765654
2 0.8553308295915238
2 0.7167451256647008
1 1.3885009350976143
1 0.6242308542562554
1 0.715048857003353
1 0.8140777981100231
1 0.8168182349135198
2 0.7493969633246994
2 0.4743050289274913
1 0.5593073733067137
1 0.9168127400064542
2 1.5795440566665095
1 0.4999610158683119
2 0.8927034000242591
1 0.7184366719144275
2 0.693634410704972
1 0.5174487324823528
1 2.9344990920158995
1 0.47289360818848714
1 0.2047963293069207
2 0.6820287977246842
2 1.5839426094922815
1 0.7750845885931098
1 0.9528571849217241
1 0.8676890939695165
2 1.0681313119630853
2 1.5810075913233106
1 4.559576083155633
1 1.0488007279149572
1 0.7488816843550499
2 0.7392862384056605
2 0.35840515260464273
2 0.8929367682534823
2 2.1027184718938714
2 0.470372001648999
2 2.923555346187351
1 1.2444004298947158
2 2.8791807421479225
1 0.768659392174641
2 0.5961707625529267
2 0.7193964189496744
1 1.9837495213122849
1 1.1981071367705258
1 2.94014645903785
1 0.49202017035737927
2 0.5713197259209674
1 0.5117524094845665
2 1.166131213163415
2 1.0569708455697187
1 0.9379970803088883
1 0.7438127275549894
1 0.6740021374364544
2 0.5187031982563014
2 0.5675349248270877
2 0.6115104499974254
2 0.705500299882685
2 2.0979601383141953
1 0.5481630165117507
1 1.1642388574428084
2 0.500499597379001
1 0.3280590603719248
2 3.2589982274914773
2 0.4392055456593329
2 2.9712800909531434
2 0.5784633849506507
1 3.6715997608561346
1 0.5512746988178542
1 0.8650132704935832
2 0.9405235404118274
1 1.3003547985446104
2 0.3710209243455714
2 2.1139250949295048
1 0.374742687948214
2 3.562585132611885
1 1.290749182169021
2 0.7925512259171741
1 0.6437198632015171
1 0.5598631493632851
2 0.5150340867932532
2 3.1539235765540417
2 0.4280526562310259
1 0.4255905248810411
2 0.41619898672003885
2 2.576565987834643
1 1.0815562645103958
1 0.38017158386081795
2 1.1064926587485593
2 0.42425119095961483
1 0.6630542201920214
2 2.88320105165682
2 2.66145985911424
2 2.193591426961706
2 0.789143851505161
2 0.6158110466082238
1 0.9857793115732871
2 0.3844012386418854
1 1.7558997077771556
1 0.9005015993729311
2 0.8783280796995332
1 1.5390385748065636
2 1.0634787316141137
1 3.3514817983159477
2 0.4774701972052203
2 0.7273385004343191
2 0.6954658552986058
2 1.9855381719432565
2 0.6971929499748445
2 1.104871478620211
2 1.001531347497347
1 0.43938057536522196
1 0.9203990804169826
2 0.4013584703333965
2 0.5248310045729283
2 0.910777106732697
1 1.069450522100256
2 0.5233763220095371
1 1.5919931962276384
2 0.5093676808193044
1 0.7108981340949221
2 0.7403519639519816
1 1.7742779325459515
2 0.9102594494900074
2 2.73693447062402
2 1.0210216812620545
2 0.45214664216949074
2 0.948097139170748
1 1.9615231514643743
1 1.1684390712423072
2 0.5642194962256459
2 1.3289265086582567
2 0.5701797287322915
2 1.2720862051850848
2 0.477558419890315
1 1.9716679571777393
1 1.0022956341686113
2 0.9823889356237726
2 0.8461532994498392
2 0.8748125686012609
1 0.49576018977447595
2 1.067869624196498
1 0.7352678733367753
2 0.8761212776392664
2 1.2559148152431554
1 0.8473882287154496
1 0.31244926255524996
2 0.2600181554634483
2 1.322340243720173
1 0.23439315449820547
1 0.39958843108257747
2 3.668862254731141
1 0.5694878887153372
2 0.46230898991650116
2 0.36492566435200113
1 2.9500136219244513
2 2.283751284993801
2 0.5597687925558243
2 1.2432423298442592
2 1.7540003090306404
1 0.7868226271373104
2 0.8190862589972515
2 0.8791642087710323
1 0.7367366566850903
2 0.39482982756431
2 0.8537420657209616
1 0.17103854478942943
2 1.3110084760205019
1 0.48810812184030034
2 1.8611215058920123
1 0.5580250904961428
2 2.23087054158402
1 0.8057900306162896
2 0.5501252984941032
1 0.9898331144541731
2 1.52649635673777
1 0.8314037829166846
2 0.6418444882751342
2 0.8367322046794224
2 1.152856898875455
1 0.23237124724987865
2 0.9178174659274798
1 0.6792316141104412
1 0.7165980654614702
2 0.43940448542612104
2 1.8292969289717096
1 0.3775800108260413
1 0.8155111592283381
1 1.0648233816024106
2 1.0187877899263826
2 1.5603286980477797
2 0.8228051709312779
2 0.2953275773294811
1 1.2581786446004297
2 0.6947279456817521
2 0.8287347501697538
1 0.8046489683832941
2 2.3460414471386053
1 1.583161113666445
1 0.07207473219603121
1 0.7786157379635715
1 1.3654838568341623
1 0.6138585391708349
2 1.6367473338690204
2 0.5718276105358954
2 0.4107266643398319
2 0.37896168593025575
2 1.3262809113744154
2 0.16584722217050296
2 0.6668107790757138
2 1.8458266805352859
2 0.24002364442737606
2 1.37758783455293
1 0.9863451246288047
2 0.5355874499576908
1 1.3059769825088159
1 0.5099077449474712
1 0.7197458617099018
2 0.37779646835640773
1 0.21048861342872385
1 1.7875859058523291
1 0.49653780234252803
2 0.585744771901559
2 0.9289147401438631
2 1.8443775272906915
1 0.6733720684755974
1 0.45901077764156195
1 0.740814642938772
1 0.5206640375190976
2 0.46536327766969643
2 0.7812825299193468
2 0.5792714358803317
1 0.6927554803396864
1 1.009701242421663
1 0.39849993226788966
2 0.8036707368466738
1 0.9888781560587302
1 0.5602032496459406
2 0.5265743794219419
2 1.1785959111048596
1 1.7397576937369952
2 0.9178547526416128
1 1.022444656542075
2 0.3873176397300661
2 0.4096702818770496
2 1.3800209841752757
2 0.8696998004167406
1 0.531911202606103
2 0.8944539020038025
1 0.36650541220919414
2 0.40121096067726036
2 1.9605758256962782
1 0.6234189672816002
1 0.9303112660604934
1 0.5433667962334435
2 1.1368573322985949
1 1.022499325958383
2 0.3248338789114795
2 0.23775051007739142
1 1.1069645619920563
2 0.6539388177043435
1 1.1617205944695952
2 3.5167280210947798
1 0.6664249219563854
1 0.9192302040660981
1 0.7215072082011348
2 0.31762528048191974
2 0.3452577745614738
2 1.4996136332677845
1 0.29292251054737306
1 1.8341030658684259
2 1.7924691198228886
2 0.3541358525110963
1 0.34241623604256555
1 0.2870786023856802
1 0.41135764969860594
2 1.6160129162236327
1 0.43627520534777886
2 1.538583606023232
2 0.5449059014411963
1 0.35418280384764494
2 0.8069472567827743
2 3.068019876641131
2 0.9899630944695348
1 1.4203298302982938
2 0.9421927727902429
2 0.8263173904949639
1 0.87212144638276
1 0.9437705633353404
2 0.3374992477139924
1 1.2066165703601028
2 4.182366106345096
2 0.20719624015155713
2 3.2074789200972793
1 0.6653280578513339
2 3.585367630576056
1 0.7091279044427466
1 0.34394503276200206
2 0.5465667430978821
1 2.8586359712968603
1 1.6529115233398801
1 0.2162895942801361
2 1.2974399107666619
1 0.35681805186514604
1 1.7636208638718118
1 0.8440382016473741
2 0.8827854934854475
2 0.5275556789083351
1 0.8157899332811683
2 0.6468194831497273
1 0.7227492334192084
2 0.6681392851970841
1 0.9644031494708277
2 0.5879480051921298
1 0.6145572565693551
1 1.2687319472058658
2 0.2500681877677879
2 1.3671984407360895
1 0.48376389912455064
2 1.7111920340638855
1 4.284079522706194
2 3.0486697683633075
2 1.487099299422015
2 0.5311405271914854
2 1.5122541227504718
1 0.39499330923240816
1 0.8285040974438613
2 0.8496691196049777
1 0.8588240230169966
1 2.847209846497105
1 0.7096431485122391
1 0.332731016817258
1 0.7402389953404086
2 3.6111312926949237
2 0.6355353678927234
2 1.0974066428550175
2 0.39822118835488124
2 0.5862880582565542
2 1.3389443609292133
1 1.4107003951137629
2 1.7954131543851972
1 1.1304109094810524
2 0.7157108230631766
1 0.4608734527750217
2 0.3231438374566221
2 0.6256900921388194
1 2.0128609077872226
2 0.6073757333114522
1 1.3682536242645837
2 0.7711518185288703
1 1.0061375787183382
1 0.7009583157453976
2 3.4072051457423003
1 2.1358691577745668
1 0.4681595119288888
1 2.1582577120059616
1 0.4043616170148529
1 2.1020060226731623
2 0.5290716183686242
2 0.6320592880873968
2 0.3401589279597879
1 7.6029384887155915
1 0.3158681798292664
1 1.0426132848105305
1 2.5952168770951194
1 0.8605808491797873
2 0.7522671832476182
2 0.7669692257846608
2 0.5240906309888326
2 2.862779704979676
1 0.8521670971847846
2 0.30876668171992794
2 2.2777198672700796
2 0.4756562911578373
2 0.5471757843628564
1 0.7688050827033721
2 2.398767151913638
1 1.3422692527313036
2 0.4296789121442665
1 2.1461764465484805
2 0.5370295920312792
1 0.5551468991599777
2 0.2924670854544215
2 1.0415189831160852
2 1.0523988148418342
2 0.8634494532987901
2 1.6863758484117033
1 0.23455380186897354
1 0.6045269603152542
2 2.977902105869223
1 0.9114733092647579
2 0.6140832574613371
2 0.6815847145190046
1 0.6906469981316246
2 0.38323825013019636
1 0.8466166423570431
1 0.5833077875651346
2 0.9425861431236109
2 0.4703163496546948
2 0.4952619127313281
1 2.0905490165602725
1 0.3670380386559684
1 0.7470706522580136
2 1.2862689610532603
1 2.879504731333195
1 0.1426788018239225
2 0.5796957382432184
1 0.38061656252099385
2 0.5669930579100857
2 2.7176700173911277
1 1.0375677325618833
2 1.3306649119338436
2 1.6180994404573055
2 0.6464900862453126
2 0.6475471316229557
2 0.638767544812079
1 0.4381410589828323
2 0.5050980980411361
1 0.6115034722876287
2 0.7467643220912228
2 2.088319013275047
1 0.8671726086194107
1 0.5653103420065582
1 2.266336377398065
1 0.5643554147833508
1 0.693636426542744
2 2.026712508105196
2 1.7991353785012822
2 0.6007396354601773
2 1.1036944981736918
2 2.2827312807063658
2 0.9196181868218687
2 0.8076203775696352
2 0.6323582146134108
2 1.1862425991854937
2 0.6096989587310521
2 0.7266052214032368
1 0.19403742819999611
1 0.3907522294008652
2 0.8368436076039008
2 1.0943571658408764
1 0.6918358257810596
2 2.3871248345733203
2 0.993446257314794
2 0.9944310211779076
2 0.43633639298127125
2 0.9257114481719968
2 1.1311988755225038
2 2.060510680193517
2 0.7290185520660826
1 0.918181940782314
2 1.115121767844368
1 0.718553518744014
2 1.6278178951857716
2 0.95576721723202
2 1.1894644389948785
1 2.032212054468276
1 2.6767415402093593
1 0.3933078405141102
1 0.9764156709752783
2 0.9785795678704704
1 1.118140856852516
2 0.33808436076175835
1 0.49747541715279875
2 0.47619392707128827
2 1.7050742553892924
1 2.0605907197092375
2 1.3342918820484462
2 0.5820701824784587
1 0.8393934102316619
1 3.015065254472309
1 0.2653999113110023
1 0.7248313492937465
2 0.9602989887375568
1 0.9114585455187122
1 0.29207563230424816
2 1.844235969928038
2 1.465561120277799
2 0.404667156326178
2 2.4514822963666827
2 0.39572748465123025
2 0.5749004574718648
2 1.4002998873737664
2 0.3626975375866809
1 1.0654833829263335
2 0.37568958848031947
2 3.61609311813289
2 0.6122001542951158
2 0.6430159184037856
2 1.5022776989206477
2 1.7394117404851288
1 0.5246778069257158
1 2.0433599937460065
1 0.18137355116326145
1 1.0589469453367693
2 0.5265365098058623
1 0.5710944327919399
2 0.3164207511159366
2 0.5831469745345399
1 0.9270156106379337
2 0.7194116784893904
2 0.3867144858533222
2 0.7433846917610918
2 0.4683425986223551
1 0.5687875141881463
1 1.8373738443340815
1 0.9077611340335895
1 0.36501162451449615
2 1.3844699125157265
2 0.5578635121435636
1 0.46528483267513165
1 0.198160629054269
2 2.6062469072223164
2 0.5823163207566802
2 2.7813592927039386
2 1.0592752085070358
1 0.9670461310180082
1 0.6888125171393792
1 1.4313876104142595
2 1.2704449435806644
1 1.972137838238362
2 0.33343767080676423
2 0.6690254481070498
2 0.33904750605958445
1 1.6291739277307753
1 0.517708573827515
1 0.5043081560918603
1 0.6379116756152932
2 0.63600444616901
2 0.9820684540161583
2 1.3032323074469188
2 0.8270877211952643
2 0.597974115111605
1 0.4799124262870036
1 1.2664451167275952
2 3.9846956895439685
1 3.1844192354294982
2 2.2240037489115316
1 1.0487315835321847
1 0.09986319301263402
1 0.9759757546891218
2 1.4311811598538287
1 0.45525577493063735
1 3.811493389588521
2 1.3676220109286836
1 0.7002632131421737
2 1.056406876822532
1 0.24898761763127222
2 0.9838927603052009
1 0.8176801441494833
2 3.3564208313940194
1 0.9365283461644845
2 2.866499581153266
2 0.6326778630521578
1 1.1678723453269655
1 1.3772967030343772
1 1.3955332036157502
2 1.7648942964435224
2 0.34067375892427076
2 0.5195006376125968
1 0.6864150963958854
1 0.2690500815129886
1 2.2068740726936187
1 0.9961681090340575
1 0.4538213327419647
1 1.59178341893895
1 0.7044316818615578
2 0.3394530305258362
1 0.5845556011687727
2 1.2110678647140618
1 0.8913113020915578
1 1.6481764600309863
1 0.6918075050785004
1 0.7564638568930033
1 0.5140241347728728
2 1.616000494561264
2 0.9919735491637857
2 0.5752030577788901
2 1.4815941940632018
2 0.4007371618199737
2 0.5032373367302148
2 0.613923895622625
2 0.2994039210679275
1 2.4166843684244705
2 0.7755747433083927
1 1.2428603600974035
2 2.452371987376617
1 6.506571820958434
2 4.264128751770513
2 1.2803485720890617
1 0.23298686482657857
1 1.2033599450036543
2 0.9295485615162171
1 1.9419761696815974
1 0.4893658502812277
2 1.5450251365252348
1 1.2269637214271008
1 0.6719411559851632
2 2.221235146305539
1 0.9906233785604849
2 0.7168667108941807
2 0.4557568553839498
2 0.7550918692544629
2 1.2868414936730275
2 0.6143374792408625
2 0.8258636379918373
1 0.6188066675986335
2 1.873798143145661
1 0.6261670302605443
2 0.6621494383403418
2 0.9879436376036869
1 2.270636041322986
2 1.249524901720871
1 0.2911000419190674
1 0.751229021746215
1 2.9684064118726665
2 1.2110225573107476
2 0.5708708040732784
1 0.6585781118956208
2 1.0832980460694577
1 0.9339800464059406
2 1.6681164857488098
1 0.9699461327419063
2 0.528729606302062
1 0.7551361911951286
1 1.2450190284424492
1 1.0706516303196263
2 2.5412866547437636
1 3.105989711989151
2 0.8486458285717927
2 1.0421311787245042
1 1.96441863271056
1 0.5647802543205523
1 0.7341807493356999
2 3.537387664389929
1 1.184576359120271
1 1.0134973332663602
1 0.4089493340980891
1 1.0035278156504204
1 1.634036318944334
2 0.8164259125648237
1 0.5488099121733248
2 1.0750928098384689
2 3.1619501590350025
1 1.070360213178221
2 0.7370941761481575
1 5.7486571224692025
1 1.6983534260186774
1 0.5205173299897268
1 0.43842479800920536
1 1.9486622077956202
2 0.11681476607830579
1 2.1372734994605684
1 2.256946176372896
1 0.3755240910882556
1 1.1984230839126684
1 0.33801989090302403
1 0.9807670973440075
2 1.3602417186536493
2 1.665524485825642
1 0.781735115451585
1 0.6200054894015352
1 1.0479049579206139
1 0.8173922005739412
2 2.2164915261963114
2 2.1487689265710843
2 0.6293746328809479
1 0.34330398245334454
2 1.4323131271356175
1 1.4151426282615873
1 2.3346700257462305
2 3.5505472038740873
1 0.9205245413258144
1 1.1101194961278829
2 0.8000772610393814
1 0.7019772600002133
1 0.5117792963496072
1 1.1495395869513334
2 2.575216051685074
1 0.5331308551254668
2 2.679542582710163
2 0.8234012631358189
2 0.6655675069717889
2 0.6006454575357157
2 0.8083758830075845
2 0.45894650514488
1 1.5599025555737895
2 0.5268820469011745
2 1.473433442386971
2 0.6622607291822415
1 2.234857396986199
1 0.557660916143787
2 0.64141335030174
1 1.5763952467177487
2 0.6673288520185012
1 2.493727548363249
2 0.5919142015520761
2 1.22843234208112
1 0.6346254648134243
1 0.523914014155862
2 3.416854378024361
1 1.3072561032591778
2 1.4399871796826909
1 1.0212117451530665
1 1.1665972956601778
2 0.9520790465868977
2 0.374415854066644
1 0.24980304300422068
1 1.0733879703639886
2 0.6462211673593837
2 1.5221515119319822
1 0.5295470103972875
2 0.7842453463860661
2 2.017626880981486
2 0.6141063258810443
1 0.3769591752117757
2 0.9020653273897705
1 1.0731473173796495
2 0.49678279151529536
2 0.572467673762264
1 0.4647306297716707
2 0.7574954683140547
1 0.9039554843377665
1 0.42743930433224203
1 0.5078201596168507
2 0.6710028500412641
1 0.5948146464659482
2 2.433626824287408
2 0.6940343882138467
1 0.9036317030399266
2 0.8050377088716351
2 0.9685378277625323
1 0.6632245844311606
2 0.9101315155218482
2 0.8809579691387955
2 0.9686937881870232
2 0.2307384682971414
2 3.3513852852442745
2 0.9052028018725474
1 2.4649554019786932
1 0.7390765032687837
2 1.0182889372406088
1 0.6441124330097991
1 2.0588882969378925
1 0.8343369410233008
2 1.1883273917780683
2 0.7485803797299846
2 0.9087591717853989
2 1.0118875349451468
2 0.45334470177268554
2 0.38906280543652016
1 1.607398158103536
2 0.9486896712499882
2 0.22231401134419546
1 3.8855159604029246
2 0.8290024055595095
2 0.597201433019485
2 0.4410183838062094
2 2.076026033052556
1 0.5875061932249038
2 0.7467521485810612
1 0.5861746864048418
1 1.0989498637775776
2 0.6960696851976612
1 0.5675184443826582
1 2.35828120778636
2 0.8559034386108388
2 1.156323499216554
2 0.21915618577925297
2 1.6612939456010163
1 0.6655014800299199
1 0.7582162032265118
1 1.3846921181497756
1 0.4550395153831729
2 2.458242080595894
2 1.154860988028148
1 0.2719364631603923
2 0.9937156507294823
2 0.5134073357661992
2 0.7653674696073645
1 1.3098099938821806
2 1.001627974066966
1 2.2022011838111015
2 0.9447536686134919
1 0.695850039084455
2 0.9226670067641423
2 0.558722016110676
2 2.107436331639202
2 1.9757359702169806
2 2.7227073509851043
2 0.4250646842599535
2 1.2395555069633708
2 1.9158485966710714
2 0.2278392685848934
1 0.5306085354749105
2 0.8433366871808462
1 2.9435827886025234
1 0.583873580165301
1 1.7273272117612832
2 0.5883885556873658
1 0.5864520640478375
1 0.49741642765325006
1 2.0328522800839095
2 0.7516206964457076
2 0.7919676190936024
2 1.269408825113767
1 1.1119118880792516
2 1.5808808493571858
1 0.5943251249767451
2 1.6058665607043079
2 0.8752125575541914
2 0.5942660281796376
2 0.4730305335724149
1 0.3352080105590558
2 0.6878670513419862
2 1.915173920710529
1 0.9350822809122948
2 0.7885002913188716
1 0.25282826127010116
1 0.4866175017203247
2 0.5054203889723665
1 0.3506850281609006
1 1.1487516514930811
1 0.47398274196364676
1 0.437917028459698
2 1.4264740052297584
2 0.5205190371015812
1 0.398825597686117
1 0.5914674953667687
2 0.3119053696369179
1 0.5878855354318147
2 0.4728268722132282
1 2.179199490593328
1 0.8086496011751294
2 1.368804582740875
2 1.2826633481497223
2 2.678546004978179
2 0.4320107618362233
2 0.9103446481692505
2 2.4848896990616796
1 1.1970958067231818
2 1.677779814444508
2 0.771122680796791
2 0.4731775534687809
1 0.8703202047894324
2 0.9472530177835153
1 0.9621737183956705
1 0.45138215854913316
2 0.8482426852075791
1 0.853373037141287
2 4.051660774678338
2 0.8059136420956448
1 0.48596549904514313
1 0.37905630712970684
1 2.60381488119559
2 1.7631217942171262
2 1.2097097985769847
2 0.7386302841062387
1 0.7546937489472434
1 0.9853857712259653
1 2.0498667598240523
1 1.124512173197116
2 0.41390193940474646
1 0.6826573247432987
1 1.6156017681918255
2 0.6703325120341226
2 0.7721537915061534
2 0.8167895075741015
1 1.1424331520623874
2 0.6245477552146196
1 2.048817066322904
1 0.49434846316184233
1 0.503693892235537
2 1.0948955611978886
2 0.7684217995840206
2 0.7339732423889841
2 0.8174787584986585
1 0.8768124835805118
2 2.5357081415200975
2 2.5754296563471395
2 0.26312831357951577
2 3.3368113810892983
2 0.8550112893763598
1 0.3485121700169518
2 0.12314694711617456
1 2.840507320978921
1 0.8927086496881745
1 1.8826029890721994
2 0.4641247129688496
1 1.7501508559333294
2 2.6819162865575694
1 0.24072499320497
1 0.7361045357266008
1 0.41694524480550743
2 1.5114611315582376
1 0.8770582914460836
2 2.054654582675183
2 0.3664228114860727
2 1.5264219941241806
2 1.110972850780049
2 1.8861282823611834
2 0.6076737569691931
1 1.2598614908740324
2 0.7521358625107037
1 0.6153153500802901
1 0.6728035936810277
1 0.7885050939532027
1 5.235659347000135
2 0.5504321315473107
2 0.4612482280720836
2 0.885170078476955
2 1.8224267833377845
2 0.2454018057300249
1 2.5313495904375967
1 0.5047108077926118
2 1.1245677849175553
2 0.8188358535846056
2 0.7299564342051884
2 0.12436933136001403
2 1.7843777566182493
1 1.0254386053096638
2 0.735312582882069
1 2.861103579948625
1 0.38517490155925277
2 0.6441402296212735
2 0.9101669791877328
2 0.45505191776960835
2 0.7632259823248527
2 0.8106896617837374
2 1.0370450164482672
1 2.918142252710917
2 0.5627558725400532
2 0.5871017807395461
2 0.3761393430114483
1 0.5699883923382656
1 1.4096987945119261
2 0.5092446036095971
2 0.38319986195550765
1 0.658266853235266
2 3.4584081496097987
2 0.5628182870579959
2 0.8173685658155322
1 1.2176233574106083
1 0.4025529338851914
1 3.6804391849204094
2 3.614332087011924
1 0.8764983634243514
2 1.8297612599211497
2 1.1837490589471926
2 0.6163298395145319
2 0.3789695340425933
2 0.4126408103216279
2 0.5139668900090882
2 2.874309371719614
2 0.6507954355637968
1 0.7514405259925309
2 0.2819782356335749
2 0.3991075995492363
2 0.9650941744524674
2 0.8667736961925898
2 0.4898514189643085
2 0.23569762103255287
1 0.28403262254359535
2 1.7626458798479516
1 1.44727358204037
1 0.4522630417046545
2 0.6736599580173612
1 0.9917688884063763
2 0.5309206189944561
2 1.3378303189617191
2 1.0419522141357445
2 1.8976342267727164
2 0.597462707197058
1 0.4670001234429002
1 0.6092265956699068
2 1.1449703481788727
2 1.0548003061819111
2 0.5938410468677531
2 0.7000321562095821
1 0.5436323922145473
2 0.15119099353643414
2 1.2078601573087098
1 1.6186030652034973
2 0.8714330701917299
2 0.7704156334310139
1 2.0309243395925067
2 0.660529342902491
1 0.5630409849758008
2 0.6540576905702209
1 0.4222925970865765
1 0.7130002729668832
1 0.41387036408647054
2 2.1725281276839903
1 0.5207649519036331
2 1.101231631686994
2 0.6442276424352275
2 0.35822729799733366
2 2.0580123391220515
2 1.130718437384391
2 0.6271156109583389
1 0.1579128721278012
2 0.45907913967267944
2 0.5360327294996674
2 0.8441006576984248
1 2.5165104385188575
1 2.373169234054829
1 1.1200318770409183
2 1.0414812780830653
1 0.47671109085352004
1 1.2105715275040563
2 2.2353987986419273
2 0.41656508424338057
2 0.6394409976115021
1 1.963988896139701
1 0.3318637189347197
2 0.4302675137393568
1 0.7571567370385969
1 0.9536144944834829
1 0.9547702107582108
2 2.1874213291101787
1 0.49415048809259066
1 1.023951479838148
2 1.2048196726249853
2 1.3660133209569034
1 0.8570580243025953
2 0.7954968532772468
2 1.8506790021072457
1 1.8918625627955268
2 0.6140008988571279
1 0.3610953408258831
1 0.4271367662294434
1 0.8110830793102577
2 0.6107387475818125
2 0.2092688696739431
2 1.086322458181857
2 0.4555218170226186
2 2.113794023758464
2 0.944580831578984
2 1.2621940460208017
1 0.9594140930626094
1 1.1382440438171804
1 1.3525561588976767
1 3.329874170858478
2 0.4567060579544067
1 0.2740091544157357
2 2.3383563154419944
1 2.5366475860676774
1 0.7399463124668594
2 0.9699755892333043
1 0.39687113562469195
2 1.7748120873648623
2 2.222471133185409
1 0.47982721684585594
1 0.5544208779016804
1 0.29473900302178163
2 0.8825716764336005
2 0.760875359712982
2 1.7737715806985355
2 1.1393622473714442
2 2.0051081860504523
1 0.2148666996908949
1 0.8843229101056576
2 0.571690871104401
1 0.9760487540978575
2 1.1725110576252975
2 4.22825471461845
1 1.1562571290525243
2 0.597153890396842
2 0.4817934806079251
2 0.7473068688355313
1 2.1129571229888415
1 2.199599699440066
1 1.0045629313293203
1 0.9629841117120427
1 0.9971447956065028
2 0.7794992256563621
1 0.24716476828463033
1 0.07891496329987782
1 0.32426654027514734
1 1.4129465617285195
1 2.3073287235562807
1 0.812332146394732
2 1.4703908064336828
2 1.5152547868571766
1 1.3922857133872562
2 1.230676815154013
1 0.9895063724410258
2 0.9069453183896885
2 1.3341408638244783
2 0.9792712024513337
2 2.6548320540761132
1 0.8973952464426921
2 1.2734731951395184
2 2.02524368834135
1 1.7523204735407463
1 0.3258591338094658
2 0.9182105062632556
1 0.3272828150702889
2 1.0176201699585634
2 0.9253467151695914
2 0.5632963211133007
1 0.7227493616966562
1 1.1292761954447583
1 0.9835631179854444
1 1.228778755289186
1 0.7931981221606429
2 0.667987308517627
2 2.6739934844025686
2 0.39582889451714137
2 2.98508326262116
1 0.1744065899606325
1 1.8202259221571897
2 1.2878831215962983
1 1.4788608958742397
2 0.6348353198297988
2 0.9305881717942832
2 0.5970823810716219
2 0.5465189680886267
2 0.3320699162440542
2 0.9061032818965186
2 1.768735680784384
1 1.1625557009286553
2 2.102621494480003
1 0.4112601295032226
2 4.225888306568549
2 1.6128543527871275
1 0.3690723135096872
2 1.841660226225608
2 1.199646429887184
2 1.069081932133193
1 1.287632753166898
1 0.8053218037205698
1 1.500310358109492
1 1.9033246383059554
2 1.5487527130434098
1 1.638692213516932
2 2.25784074267609
1 1.3025779841115672
1 1.2757417900740222
1 0.35886520203357447
2 2.0179679114140603
2 0.5101913572866144
2 2.3397929391669305
2 2.318759614422734
1 0.44841093597943216
2 1.9205086884734535
1 1.0978791343403191
2 3.4712035646942736
1 0.3879365778236118
1 1.2812892019798994
1 0.1432575677000228
2 0.4378080136984887
1 1.2130085784713092
2 0.34269527815657064
1 0.6377554044532978
1 0.8723999965655089
1 0.6419573789585461
1 0.5722249505944572
1 0.6395202920493134
1 0.7644284348935027
2 1.6262518691885663
1 1.0405295887453125
2 0.6864380811737406
1 0.7880061520310474
1 3.0099968689363843
2 0.9204549647239014
1 0.7194316053671556
1 0.1159208794309594
1 0.27334104044963176
1 0.4870308717872214
2 0.38863607772230546
2 1.105087130352095
1 0.8183506255905078
2 1.135909527769431
1 0.7241510207712006
2 0.4934575947675612
2 1.0393088328965527
1 0.8664790219027788
1 2.152866841288926
1 2.3571944277521215
2 1.5009655574452145
2 0.6320169582061085
2 1.9253993149739217
1 0.805855011868921
2 0.6696230973383257
1 0.4127123503062758
1 0.7624947773808031
1 0.31898079401282464
2 1.6396085051476221
1 1.1409529545841677
1 0.8938740701639305
1 0.8510643771865596
2 0.6254147943919259
2 0.9663060092368828
2 0.25108280432000196
1 0.10601736752893659
2 0.7561781705727938
2 2.181501559716508
2 1.0803535107130537
2 0.5299603636900792
1 0.7802689036106206
1 0.7664854007698638
2 2.8011655124424606
1 0.6032417995630164
1 1.7489475306704632
2 4.285240431588603
1 0.45976791673299544
1 2.70694885955275
2 0.7902439909975593
1 1.0430130005327254
1 0.6796191351267453
1 0.6689641722255492
2 0.8954344044763405
1 0.315633361555437
2 0.43510978083542934
2 1.0094515133374171
1 0.9417057140918637
2 1.553427455382318
2 0.5808512205366891
1 1.0723042047436486
2 0.45985593267792063
1 1.224243688175413
2 1.4098163122065364
2 0.7871917899713604
1 0.8216452310571674
2 4.8132726441882205
2 0.7976671754384873
2 2.352544484064764
2 0.7856277180025315
2 1.4283124390147552
1 0.47990361031482354
2 0.7244045429480814
1 0.9040840910291267
1 2.3723176800102532
2 0.26791611768386264
2 0.27438683227875454
1 0.4491303636471992
2 0.3192493301619044
1 1.7091519170572942
2 3.1005416947714237
2 0.5385565402283456
1 0.6577618006568868
1 1.0677128413314092
2 1.5809292974622235
1 0.7070865435013921
2 0.35370635347313106
2 1.18703727617246
2 1.3063510846808601
2 1.5255186325030197
2 0.9114274025334842
1 0.7815062879829612
2 1.7758336338074017
1 0.5991097786093542
1 0.4183235365863299
1 0.44233806435422107
1 0.6840604774656296
2 1.0455395089601203
1 0.5643996401056177
2 1.8660945692740407
2 1.0437734212353966
2 0.27580550916587626
2 1.7844496539690908
2 3.126019390926559
2 0.9084752918025794
2 2.5602263791338107
2 0.9004567299222509
1 0.4254314736748922
2 0.9647598994802384
1 0.5939842551837283
2 2.55260856054944
2 0.8584344487515334
2 1.2714577064367838
2 0.6371018219459369
1 0.5900523304480113
2 0.046174293713557905
2 1.8576962584083316
1 0.31352969629076627
1 0.9027618997728731
2 2.361929691906691
2 1.5572619446422662
1 0.47488466143587854
2 0.33294800928692864
2 3.334296350824338
2 1.3762215217951421
2 0.25289474722955074
1 1.2482803443285004
1 1.9284356032724368
2 1.8020655517099222
2 4.620043557238408
2 0.09054794976964656
2 0.9526181613036906
2 1.0280203702535602
2 1.6732654404311758
2 0.4316016343144593
2 0.4494171336555013
2 0.43083564107429895
2 0.40550813892572984
1 0.5081325226505933
1 1.350913009293986
1 0.7185184519279082
1 2.182842571978452
2 0.5392315914655339
1 0.8756426717847459
2 1.3384794170284549
2 0.3953187110604791
2 0.8486686357777101
1 0.9065302701553163
1 2.285635751793958
2 0.6557297616460747
2 2.648374424152336
2 0.5883592205475084
2 1.1936823754019328
1 0.11202569853729495
1 2.140492220249668
1 0.738702455137559
2 0.3438375017600125
2 0.352704930908895
1 0.4442869387706044
2 0.24804615584358697
2 0.6349968841609431
1 1.6575431286690494
2 0.4790799643943648
1 1.461758846445562
1 1.4269352742897057
2 1.1255877322489243
1 0.8390964129399218
1 0.4326716480427126
1 1.2870038694563628
1 0.8099561501448636
1 0.629594608809104
2 1.7046168746550383
2 0.5563942207010968
2 0.9659905892590105
2 2.166729976521256
2 2.749803560306901
2 4.583937261343558
2 1.8733613371476379
1 0.5604587346493873
2 2.435509389557763
1 1.2691415793443008
1 0.5844942675322401
2 2.3070036157021416
2 1.6813322698298139
2 3.365283024957327
2 0.4202856951243372
1 2.065653051267477
1 1.1353022038698022
1 0.34640795309074474
2 0.8264106864451424
1 0.36180570639572834
1 1.0074589452909746
2 1.298733264989574
1 1.5576873168630505
2 0.4815029402446867
2 0.49424763488515844
2 0.3128227025777138
1 0.197632642071287
1 1.8912173395025207
1 1.0837708626199436
1 1.126028920143471
1 0.6894688697235255
2 1.0264282893873746
2 0.21253175656740836
1 0.5708660892185509
2 0.6061131319326791
2 1.058351859054023
1 5.095487933866043
1 1.5980529412009332
1 0.769118196953295
1 1.8789882768125785
2 2.981480305122743
2 1.148083809908849
1 2.1650912664960384
2 0.5550931506183808
1 1.5335459753483065
1 0.6665499678663432
2 0.5739380295784198
2 0.32686737562707335
1 0.4951442420372179
1 0.5252656166854379
1 0.31253714096179713
1 4.6254955332286425
1 1.3203045751694784
2 0.9967722979668117
1 1.0771458180315145
2 1.0377415728900965
1 0.8389718298251359
1 1.1775270678231209
2 1.5638547655793
1 1.5646542782186863
1 0.8994310242057718
1 1.812905238295562
2 1.6045725324204443
1 1.046664800958063
1 0.9191049518058214
1 0.5311432250478876
2 0.22947064408369003
1 0.39084842401584524
2 0.8431041090391699
1 1.7546174193231998
1 0.45710219172023975
2 0.3885713973105683
2 0.6039239557504361
2 0.9640010178502283
1 0.24545831319713807
2 0.46021544731105013
1 0.6636495013003059
2 0.3522185824283587
1 0.49447053692545667
2 1.0290730456404271
2 0.5993174071066122
1 1.9205332606675336
2 1.0157850238907333
2 0.24390651565780927
2 2.852682106082601
1 2.0447277217921322
1 0.8854396065979545
2 0.5589643160874377
1 0.6069185740574783
1 0.7968892553150067
1 0.9728713440503587
2 1.7765720884436638
1 0.3901357283375586
2 2.3615071907611624
2 2.99386053410089
1 0.855316329544743
1 0.8450545090224063
1 0.7185341426870953
2 1.067530444856654
2 0.5603312917612712
2 0.8145377589663515
2 1.644724530360758
2 1.8700901632673423
2 2.877590022836956
2 1.3287805894571827
1 0.913515922738086
2 1.376640396592254
1 0.7276372332633455
1 0.4324042172774275
1 1.6605312390970286
2 1.1494221245624558
1 1.576729154627882
2 0.56114218082422
1 0.6304414517937442
1 3.087565695291375
1 0.32697077938116714
1 1.53934291655866
2 2.4955282534898204
2 0.37174244331807926
1 0.5930086625616491
1 1.683387638548353
1 0.7594471636283098
2 0.43664837566998604
2 2.3911982498339137
2 1.3525280318894342
2 0.14550575267076468
1 1.3967444381503393
2 1.1250665808066493
2 0.5411919783170982
1 0.646592694806498
1 0.5635234128053349
2 0.8668240841108108
1 0.9350157655870511
1 0.9010678847522345
2 0.731775694641939
1 0.48989127195919163
2 0.9470237265604751
2 0.8126272836058658
1 0.6635732715129294
2 0.3862001212932658
2 0.08197242483398372
1 0.6730395708110605
2 1.6123944233229395
1 0.6071757910357675
2 0.44447387852750375
2 0.2932759124146814
1 0.5716963331724485
2 1.6463249145566663
2 1.5988571876154865
1 1.6144321714222802
2 0.45135193555695474
2 0.7386215409145354
2 0.3245765544448702
2 0.9147470963070002
2 1.0351669172609226
2 1.4495782759463578
2 0.8946260450048245
2 0.5024026048594016
2 0.6675015111105919
1 2.7558369364608257
2 0.6181250564007152
2 0.9333871657461227
1 3.48618235763716
2 0.5070642500258132
1 0.7556375427799003
2 0.6246010690258419
1 0.8181589139995057
1 1.5358347365337477
2 0.7805643580998872
1 0.2869635188298334
2 1.5197200277414236
2 1.1765833563372843
1 1.0792613459366536
1 1.4877568961320402
1 1.9815357216700462
1 1.9530877599216778
2 0.8909483188764018
2 0.39156918480402747
2 0.695216706741846
2 0.4457711889071741
2 0.5315666301288487
2 2.009857625242414
2 0.9048794169247142
1 1.3019779867440346
2 0.5747467155724091
1 0.32095749263790063
2 1.1918698872449396
1 0.6834170822425595
1 0.616407165055605
1 1.6981286262533712
2 1.3627916814998964
1 1.5568176857744158
1 0.5253520208260327
1 1.228977763768458
2 0.912261827006428
2 0.2129307922380748
2 0.3255060633092488
1 0.5378190864305052
1 1.1219447921751258
1 0.27175422035547314
2 0.7909361770213768
2 1.304430088955946
2 1.5768311618573545
1 0.4634419198337313
1 0.4545753296627534
1 0.6777800717313196
2 1.0634501316631402
2 2.65909494267586
1 3.3071075002850954
1 0.5667558865623515
2 0.6781729004485196
2 0.31401592837613324
2 1.246665260373948
2 0.3658185473607384
1 0.48149149810458836
2 0.3665612647033498
2 0.9057984101562461
2 0.3759163033732799
2 1.671125468043543
1 0.5827851886393351
2 0.7249232278633231
1 0.9035665718567253
2 0.5399239756479804
1 0.3266085397809676
1 0.43614792877537245
2 0.8898283340302401
2 0.7294533282849881
1 0.9005076661787527
1 0.9382269315191464
2 0.742951132142066
1 0.677127235064098
2 0.2693753178645918
1 1.2520961445412007
2 0.37114612698553484
1 4.848641047443105
2 0.42683241704572394
1 0.9789293332394485
2 0.48203420114066453
1 0.4965287669384734
1 1.1419370394719053
1 1.9074887580848345
2 1.1497031420119754
2 0.7667061784521803
1 0.9641271257477696
1 0.6987714523283681
1 0.48918031196856593
1 1.1809426689570546
2 1.0822690179762913
2 0.43604314468662303
1 0.38973812964959165
1 0.5557321951902047
1 0.6582530293529202
2 0.39367284014557324
1 0.08094755663350374
2 0.48870146221725264
1 0.38082015321069157
1 0.4139591861524282
1 1.6731341523211218
1 0.9070250669290394
2 1.217979645022446
1 0.6384449825483098
1 0.497675414532966
1 0.9575832161699903
2 0.1455675488535724
2 0.9759823510464931
2 0.7991500801893254
2 0.3147347354483795
1 1.0888560979563902
2 1.4785187182630593
1 0.5159141096357011
1 0.15852699740795093
1 1.0574932574105143
1 1.6711712028486287
2 0.5230759642290691
1 0.9741395286956289
1 1.0370459506546887
1 0.6622875520967031
2 1.8676826885807647
2 2.6444678991169264
2 2.53008999903759
1 0.835158838860435
2 1.1873177723484536
1 1.041670214386362
1 1.293532965541571
2 1.4802824414969435
2 0.2831932164009018
2 0.71858786178207
1 0.40664763056453973
2 0.5529326515669007
1 0.39989659493696966
2 0.7858863982242645
2 0.7353831881192721
1 0.8842472758087374
2 0.30873660486652915
2 0.4926156941691214
2 0.5606947338564638
1 1.443332922954303
1 2.776870396533839
1 0.38148381895780786
1 0.7359330848536331
2 0.5956948827844889
1 1.243588714797331
1 1.8278593903186044
1 0.674203223025119
2 1.7735480223322493
1 0.9318784604420106
2 0.7994297007508904
1 0.5799145748284801
1 0.7278097721276723
2 1.6500768390016405
1 1.3736601481683623
2 1.4910364348371332
2 0.8152148694598975
2 0.4236840910112594
1 0.7525899922119894
2 0.2062976030035823
2 0.7149900786733545
1 3.9834885155265205
1 0.6108935615708682
2 0.36608676402138085
1 1.9882625961964564
2 2.0198680437186454
2 2.701994508731581
1 0.6850629946291974
1 4.298086792521735
1 0.9448457008985455
1 0.9711386973455295
2 1.6596812915618433
2 1.1010116566692272
2 0.6740199680980572
1 0.4247619182309942
1 1.4632061516975474
2 3.4158386021467098
2 0.4740355580563759
1 0.4599893575607573
1 0.8266590752980016
1 0.46825524281050296
2 1.9116986446547768
1 2.3126672493727094
2 1.8345494198378158
1 1.02674057261703
1 0.5425464850131521
2 0.2078798170396775
1 0.5430647798281306
2 1.8903308779432373
2 0.5693029422573903
2 1.197688186532788
2 3.8188054191867713
2 4.101145766978147
1 1.8200231296595044
2 0.5932963982286191
2 0.673413203003687
2 0.8494250614056787
1 0.29471484916306656
2 1.376329959590217
1 0.9302645342995555
1 0.2317761678975045
2 0.8595982505900336
2 1.1017460137783066
1 1.678217047976517
1 1.1427914194103597
2 0.7189195606887392
1 0.470071299438959
2 2.9816126961677765
2 2.4290948439744664
1 2.84866782521921
2 0.9087681816870922
1 1.8614763129050407
2 0.6839663579974794
1 1.6955613828616567
1 0.5481597143201092
1 0.7784578355886473
2 0.5376756874034193
2 1.0802446886825656
1 0.22494871614760029
2 0.7630073501989486
1 0.7242536320374152
2 0.46142161868524345
1 0.509720683182392
2 0.6314904677901333
2 0.5481110360900918
2 0.6037589575945621
2 2.436459574308267
2 0.43035207764246075
2 0.8795532999414792
2 4.331607207053311
2 0.6740773083735364
1 0.8381889271893814
1 0.5963019545208612
1 2.4156339553463106
2 2.2467082225974067
2 0.5614744759021544
2 1.5393546544744598
2 2.1795312316012323
1 3.2822168425271636
2 0.5893430671972619
1 0.8861529960320912
2 0.35039458965503356
2 0.7566154013346015
2 0.9780636315953499
2 1.6317438392684405
1 1.018384975168516
2 0.34691301716510786
2 0.4678688014363922
2 1.5742518663712153
2 0.9616518931968316
1 1.250090514230566
1 1.5796211454308449
2 0.7160226416427389
1 0.8039343879667736
2 0.657327438623276
2 2.0042890704954344
1 0.6243839355675678
2 0.824172526883487
2 2.5983689890000154
2 0.735305237279207
1 1.184662789958819
1 0.7725779561452771
2 1.568932025772877
1 2.1832926966147648
2 0.7845488524624202
1 0.7041988543315564
2 1.8273119262176736
1 0.4046554938613619
2 0.9502369387593759
2 1.8443873772275214
2 0.6506624843340569
1 1.1580193902617621
2 0.24156532614921894
1 0.9769454429481957
2 0.5214004238990796
2 1.076333491713471
2 0.4010559902928286
2 0.970139281763274
1 0.4827642350039978
2 4.222806796624723
2 0.969506809516615
1 0.5302192691578674
2 0.6172307416729492
2 0.6222904408468158
2 4.900594082048712
2 0.37633746951265895
2 0.6659498929126648
2 0.41689709330032493
2 0.9147498030844033
2 0.9492827004402792
2 1.4814260414814555
2 1.3130461675932823
1 2.206560087166578
2 0.5098979325760252
1 1.0102589505955015
1 0.43088689602374697
2 0.2348652773178322
2 0.9324485693723583
2 2.1352916604559966
2 1.0912374984092266
2 1.3457791226410587
2 0.396396499262331
1 0.8521262701831182
2 0.5148473362375529
2 1.092871981441546
2 1.128015833044482
1 2.4353463178644215
2 0.8183595227105416
2 1.8687626341291181
2 3.241632239695088
1 0.9484096582132834
2 0.37000027270686375
1 0.2039827076991604
2 1.2214626073186172
1 4.996541955819369
2 0.5574274080349212
2 1.2086100432790647
2 0.8633287247095097
2 0.493125717878139
2 0.5284848465854577
2 0.5577006741800425
2 0.7386887662536467
1 0.7378876562168095
2 0.5857258355773921
2 0.7167138409596957
1 0.3616351945804866
1 1.549872901016785
2 0.9796138292611445
2 2.2304133677950966
1 1.0615935859774914
2 0.5201666478093289
2 0.4334570451428185
1 1.028446853354648
2 1.0175978821389238
2 1.1916480249893489
2 0.4866897186747747
2 2.401814259652323
2 0.6754524879282217
2 2.065471904527431
2 0.3215244111693249
2 0.5567126371625463
2 1.5687218554378934
2 0.7838048805058239
1 1.2464444236658587
2 5.521862608150019
2 0.76835317989438
1 3.131533758749401
2 1.1788850583218555
2 2.4420782196983635
2 1.46575301152653
1 0.736497111596446
1 0.5243216083419031
2 1.1892940011588324
2 2.7598047132786987
2 2.639924093317013
2 0.9798527316468347
1 0.4099383313293108
2 0.39238474297501585
1 0.8726827924218126
2 0.8141287702358524
2 0.8454274553871968
2 1.2882005207331444
2 0.1606444195987014
2 0.5184215135809485
2 2.229321155723607
2 3.1889948064067744
2 1.1173766530520282
1 0.48824409876101654
2 0.9804210943282732
2 2.8035476022081753
2 1.210697052990597
2 0.3064350218888816
1 2.6953422330679864
2 0.7388353484826682
2 0.39896375133978784
2 0.8388895153973788
2 0.5560917817948944
1 0.46223261960312306
2 0.849452369808099
1 0.49883827419836413
2 0.3696716585963435
1 1.0023317744090225
2 1.7588256335524892
2 0.37870538763772355
2 0.5563333794653896
1 0.5355241654832865
2 1.0871481860659473
2 0.5675572820496558
2 0.9440174744703314
1 1.2698759052866637
2 1.4047110858703715
2 0.2983737450885409
2 0.4488802868557842
2 1.9409413957481654
2 0.5160589872051201
2 0.691059927818454
2 0.577689402160754
1 1.6718041293216774
2 0.34703845915877474
2 0.7979636575028773
2 0.3048740712487322
1 0.8048882819008387
1 1.9794858526031773
2 2.623337657061274
2 0.6830449911060439
1 0.759474232144409
2 0.3602182001856537
1 0.7678308134800976
1 1.7513383956654467
1 0.784861258580514
1 0.5001071739994567
2 0.8511035698673792
1 0.28551880085626274
1 1.0540366165724537
2 0.9597317794595281
2 0.8420936171829221
2 0.4304092930244878
1 2.6999306227526354
1 0.5100850292265847
2 0.5997711273714155
2 2.6282995711421355
1 2.373744229743377
1 0.908981701275584
2 0.3413416126642995
1 1.863732742809825
2 0.756544277765503
2 0.3106043392831079
1 0.5458749394786376
1 1.1839043499339927
1 0.675673525633161
1 1.294876474201954
1 0.7450151014748868
1 0.5872207244605435
2 0.2921121607892723
1 1.2509255279298142
2 0.37988297764746765
1 2.088691560031263
1 1.0834962825067658
2 0.646196712292716
2 1.5061236161288825
1 0.5107021459817759
1 0.5074608882088982
2 0.1545166172333675
2 0.6295657360076551
2 1.8775407876662586
2 1.913779986057026
1 0.4873859983908515
1 0.8410962636848256
1 0.6433387179682002
2 0.5491929013987711
1 0.15980326998738673
1 2.3240381553080383
2 2.3192085651671874
2 1.1455163741564585
1 0.8657387248594328
1 0.24680959228301655
2 0.9910767570045944
2 0.6157374710303215
2 2.605889582152892
2 0.545242442781099
2 1.2001333541333212
1 3.3988974056501435
1 1.1706751378234477
2 0.7382273313169279
1 1.3335165440587131
2 0.9912532280191371
1 0.6999404665962601
2 3.7930070347948655
1 1.143445163597088
1 0.2858210643719396
2 1.6649497245106113
1 0.44552068961011665
1 1.5355691000188818
1 0.6811962099659152
1 2.047221489197891
1 1.6441056709837805
1 1.3331676559126964
2 0.789846541561031
2 1.356503843865722
2 0.6574679868005493
1 3.318202258619531
2 0.3031918656713151
1 0.4570953921344629
1 2.91310311587236
1 0.47669049189793533
2 1.4567964959516542
1 0.4645705093646886
1 1.9815289852251439
2 2.425212393088073
1 0.879881460038959
1 0.539171561338654
2 3.4994476739087266
1 0.5040557796410498
2 1.1236401687575788
1 0.9183882112323866
2 1.0020109658641076
2 0.4589032011354072
2 1.4858110354676584
2 1.1591902250712596
1 0.49097471951658195
1 0.30512895499843556
2 1.6371703005309404
1 0.9679204349352609
1 0.7249758729672521
1 0.17744676594888084
1 0.6687915711902558
1 2.5952266095472467
1 1.6821352584167681
1 0.8477640352746539
2 1.114716604824289
2 0.5460503923908515
1 3.8587214119509325
1 3.429774918830443
1 0.7265568416950736
2 0.41632349752303616
1 2.0895799815566485
1 0.2996777261000476
1 0.2874669506454261
1 0.4518426626306584
2 1.1078424666109739
2 0.6105632963088469
2 0.5657799518228258
2 0.46186481299105003
1 1.7852578925613525
2 1.793862212604956
2 0.9328460397407775
2 0.6068810218294989
1 3.0222186249353897
1 0.36906846734860405
2 1.3117087191017451
1 2.1673239843827106
1 0.3974480082076932
2 0.9658584792779336
2 1.1553770938248507
1 2.282436786860462
1 0.4747764809556333
2 0.7868359848949571
1 3.079278616866832
2 0.7128764356400982
2 4.181370083503062
1 0.4539636577843562
2 1.8039974844946944
1 0.47340881368711585
1 0.9434453640644728
1 0.9642349939833634
2 1.5577623116163755
2 1.7728441860210256
2 0.5789790235072612
2 1.9480411392858241
2 0.4207416301261277
1 0.3744264438991934
2 1.9254691955860774
2 0.797170165525711
1 5.6287465102019025
2 0.6093670649917757
1 0.6222635309363406
2 0.6990264498949561
1 2.2359004251444143
1 0.4179924613543484
2 2.274376830520057
2 3.938946878493632
2 1.0109428126589872
2 1.7300398044501226
1 0.38351071399184294
2 1.439275500679613
1 0.668300049365747
2 5.408739312588854
2 1.228796716594411
2 5.2728537981051655
2 0.8288823732842263
1 2.4930396286716885
1 0.5292319234177347
2 1.9573393178433105
2 1.024123745263158
2 0.7541132276348353
2 0.8666081835071875
1 0.8377193525093817
2 0.9353110661932125
2 0.6005178304051567
1 0.36407212542938505
2 2.2485718707663254
1 0.6858240336867255
2 3.0768221121889403
2 1.5703338498308128
1 3.0322760484679816
1 0.6867200681037696
2 4.050186241930439
1 0.9999837861652724
1 4.03351373070828
2 0.4724081178710505
2 0.4980776619820023
1 3.0078919003302707
2 1.148888791505305
2 1.0316989019246827
1 0.2581838815858864
1 0.21036885628182067
2 0.6059736723761389
2 0.32415298302040246
2 0.7509899798012042
1 1.8772031480695115
1 0.3415965373594804
1 0.5060348578437105
2 0.8000817562115836
2 2.4499382905416924
1 1.703996290954719
2 0.4449301034388611
1 1.522471316714632
1 1.058976519308557
1 1.3201814657638622
2 0.7569842438334676
2 0.7211765349759653
1 0.4509406210774222
1 5.6862169751243155
1 1.251039171710153
2 0.6876834102885169
1 1.6664654404401937
1 2.264194884013208
1 0.8700842037081412
1 1.0804567219598167
2 0.65070152105953
2 0.6210969337688443
2 1.864005710189885
2 0.23400612693261402
1 0.40268024170989364
2 1.152707462003487
1 1.5539306147477128
2 1.4120093247212635
2 1.8357439453867463
2 0.9544995822899949
2 0.781669622907096
2 0.6906546893451397
2 1.4311106031844065
1 0.2581953461097847
1 3.209946931606693
2 3.420875596998272
1 0.7097482720483937
1 1.1621798532814707
2 1.8817941889166336
1 0.08558205646208857
2 1.807194529225571
2 1.573614518585569
1 0.41149460951639
2 1.2412191886593158
2 0.6385623055553462
2 0.6599348224102077
1 0.7813408220444353
2 0.525756989202363
1 0.8135115220228026
2 2.017461251481685
2 0.4409534652988677
2 0.6422849422871673
2 0.8528311603455383
1 0.8626420644982072
2 0.711414537441093
1 0.8171473817745315
2 0.36749968578935005
2 1.283194573307037
2 0.5618452769894582
1 0.7448228879167781
2 1.944419318765442
2 1.071353370799207
2 0.5375978686980823
1 2.5769675991942096
1 2.5444823772668053
1 0.5129875417909847
1 1.8539813611129792
1 0.4932215142319738
2 0.21755649015439224
1 2.0488851042770633
2 0.4044727115776553
2 1.4181081463246044
1 0.5338776739674036
2 0.8403924347991099
1 0.7608943529592216
1 1.4327897359493
2 0.9657976624717772
1 0.877304822135378
2 0.51576610653708
2 0.880940819536947
1 0.733955033785371
2 1.8838429453135923
2 0.545275988495198
2 1.044193342789855
1 0.6444224364551767
2 0.6403772685689133
2 1.1406715803153302
2 0.5999747622240852
2 0.6137987361388924
2 0.14529091894083793
2 0.9980271731499744
2 0.16593869714979875
2 1.1127238243846675
1 0.8717078255519936
2 0.3318927154669071
2 0.9477335389690053
2 0.526807734029612
1 1.7517302644510722
2 1.123252895842148
1 0.8090087188921777
1 0.26140644825287157
1 0.3275911965328183
2 1.0007865118777388
1 0.26625333032977105
2 4.551077175492851
1 0.8620532263311894
2 0.5698863495506473
1 1.1666918387001295
2 0.507590818989228
1 1.3603650770658169
2 0.3295476877232326
2 0.9250324519084402
1 1.435548768362347
2 0.6253978172124747
2 2.7412892370102226
1 0.653651551571986
2 1.2001433719671415
1 0.27801490256668593
1 0.5083811987908862
2 0.8028671817137906
2 4.583188295960648
2 0.8850964449300706
2 0.6192238797584059
2 0.23772253032708252
2 0.488185299825896
1 0.8583108396542708
1 0.48975758027102284
2 2.7381668719922345
1 0.9880849643151666
1 0.39296622834670664
2 2.6335459996595407
1 1.5954280363094886
1 1.720394944915774
2 0.9109073708068416
2 0.8996824855948007
1 0.31388282880617663
2 1.96832058122577
2 0.33440546176224323
2 1.3949036256204257
1 1.88213846591975
1 1.0235963865457607
2 0.5281536062315461
1 0.8740614010282571
2 0.7443951873529141
1 0.8515101395717579
2 0.27083588744792
1 1.2844253742841771
2 0.9501302240324427
1 1.1620850999882701
1 1.056093825129889
2 0.7416524977418267
1 1.5768267332690786
2 2.1384092636121976
1 1.737597912765001
1 0.23396562480547337
2 2.634837269457222
2 0.28487081917771645
1 2.0112476771250463
2 1.3501248274595912
2 0.7395289651710273
2 0.6452710826309214
1 2.1037056418142472
1 0.47517820969077257
2 0.7980990858886488
1 0.7463062430435811
2 0.45294274041789123
1 0.8044155969103329
1 0.7668058655768095
1 0.27317467853635125
2 0.21415640803487176
2 0.6055314371920254
2 0.4325732122775061
2 1.1719008633827657
1 1.0057388494362731
2 0.7284573416103562
1 0.19550867303839337
2 0.5462863393516246
1 1.1850865920523699
2 0.7184923640228646
1 4.824890312779494
1 3.223038445587701
2 3.3557500604420145
2 1.0586425579541037
1 1.1574708179490123
2 0.3198401213334773
1 0.5812444035913538
